----------------------------------------------------------

~train_test_split~
training dataset size: 20%
testing dataset size: 80%

----------------------------------------------------------

-----Emotions classification (Multinomial Naive Bayes)-----
Emotions hyperparameters = 30449
Confusion Matrix = 
[[   29     7     4    16    56     0     8     5     0     2     9     0
      0     1     0     3     0     4     4     0  8245     2     0     1
      0     0     1     3]
 [   15     0     1    14    23     1     2     6     0     1     5     0
      0     0     0     4     0     2     2     0  4831     3     0     0
      0     0     1     0]
 [   19     1     1     7    21     1     3     3     1     1     9     0
      0     0     0     3     0     0     2     0  4074     0     0     0
      0     0     4     0]
 [   29     8     1    10    27     2     2     6     1     0     8     0
      0     0     0     6     0     0     3     0  6510     3     0     4
      0     0     1     0]
 [   34     8     4    21    49     0     2     6     0     1     8     0
      0     0     0    10     0     3     2     0  8848     0     0     2
      0     1     0     1]
 [   13     1     0     5    18     0     0     2     0     0     3     0
      0     2     0     6     0     1     0     0  2768     0     0     0
      0     0     0     0]
 [    9     2     0    12    20     1     3     1     0     1     3     0
      0     0     0     3     0     2     1     0  3897     1     0     1
      0     0     1     1]
 [   24     2     1    10    20     0     1     2     0     1     5     0
      0     1     0     5     0     0     4     0  4637     0     0     1
      0     0     1     2]
 [    5     1     1    10     7     0     2     0     0     0     2     0
      0     0     0     3     0     1     0     0  1685     1     0     0
      0     0     0     0]
 [   11     4     1    11    17     0     1     3     0     0     7     1
      0     0     0     3     0     3     0     0  3771     0     0     1
      0     0     3     1]
 [   23     2     2    14    26     0     2     3     1     0     4     0
      0     0     0     8     0     2     1     0  6087     0     0     0
      0     0     1     0]
 [   10     0     3     3     8     0     1     2     0     1     2     0
      0     0     0     2     0     0     0     0  2337     0     0     1
      0     0     1     0]
 [    2     0     0     3     7     0     1     0     0     0     0     0
      0     0     0     1     0     0     1     0  1138     0     0     0
      0     0     1     0]
 [    8     3     2     6    10     0     0     1     0     1     2     0
      0     0     0     3     0     0     0     0  2402     0     0     1
      0     0     0     0]
 [    6     0     0     3     9     0     0     0     0     0     2     0
      0     0     0     1     0     0     1     0  1395     1     0     0
      0     1     0     0]
 [   19     6     4    17    24     0     0     5     0     0     7     0
      0     1     0     5     0     1     4     0  5556     1     1     0
      0     0     1     1]
 [    0     0     1     1     4     2     1     0     0     0     2     0
      0     0     0     0     0     0     0     0   277     0     0     0
      0     0     0     0]
 [    9     2     2     7    19     1     0     0     0     0     4     0
      0     1     0     1     0     3     0     0  3407     0     0     0
      0     0     0     0]
 [   21     1     0    10    22     0     1     3     0     1     3     0
      0     1     0     2     0     0     4     0  3903     1     0     1
      0     0     0     0]
 [    3     0     1     0     5     0     0     0     0     0     0     0
      0     0     0     0     0     0     0     0   628     0     0     0
      0     0     0     0]
 [  187    27    13    97   218     5    13    27     7    10    48     2
      0     2     0    47     0    10    28     0 43412     6     1    13
      0     0     8     4]
 [   14     1     3     9    19     0     0     2     0     0     3     0
      0     0     0     3     0     1     1     0  3585     2     0     0
      0     0     1     0]
 [    1     0     1     0     4     0     0     0     0     0     0     0
      0     0     0     0     0     0     0     0   551     0     0     1
      0     0     0     0]
 [   13     4     3     9    17     2     3     3     0     0     2     0
      0     0     0     3     0     1     0     0  3698     1     0     0
      0     0     0     0]
 [    5     0     0     3     4     0     0     0     0     0     0     0
      0     0     0     1     0     0     0     0   614     0     0     0
      0     0     0     0]
 [    5     0     0     3     5     0     0     0     0     0     1     0
      0     0     0     1     0     0     0     0  1208     0     0     0
      0     0     0     0]
 [   10     2     1     5    16     1     0     1     0     0     1     0
      0     0     0     2     0     0     0     0  2967     1     0     1
      0     0     1     0]
 [   11     1     0     6    16     0     0     1     0     0     2     0
      0     0     0     4     0     0     0     0  2708     1     0     0
      0     0     1     0]]

Classification Report = 
                precision    recall  f1-score   support

    admiration       0.05      0.00      0.01      8400
     amusement       0.00      0.00      0.00      4911
         anger       0.02      0.00      0.00      4150
     annoyance       0.03      0.00      0.00      6621
      approval       0.07      0.01      0.01      9000
        caring       0.00      0.00      0.00      2819
     confusion       0.07      0.00      0.00      3959
     curiosity       0.02      0.00      0.00      4717
        desire       0.00      0.00      0.00      1718
disappointment       0.00      0.00      0.00      3838
   disapproval       0.03      0.00      0.00      6176
       disgust       0.00      0.00      0.00      2371
 embarrassment       0.00      0.00      0.00      1154
    excitement       0.00      0.00      0.00      2439
          fear       0.00      0.00      0.00      1419
     gratitude       0.04      0.00      0.00      5653
         grief       0.00      0.00      0.00       288
           joy       0.09      0.00      0.00      3456
          love       0.07      0.00      0.00      3974
   nervousness       0.00      0.00      0.00       637
       neutral       0.32      0.98      0.48     44185
      optimism       0.08      0.00      0.00      3644
         pride       0.00      0.00      0.00       558
   realization       0.00      0.00      0.00      3759
        relief       0.00      0.00      0.00       627
       remorse       0.00      0.00      0.00      1223
       sadness       0.04      0.00      0.00      3009
      surprise       0.00      0.00      0.00      2751

      accuracy                           0.32    137456
     macro avg       0.03      0.04      0.02    137456
  weighted avg       0.13      0.32      0.16    137456

----------------------------------------------------------

-----Sentiments classification (Multinomial Naive Bayes)-----
Sentiments hyperparameters = 30450
Confusion Matrix = 
[[  114  1153  5937  7982]
 [  233  2342 12145 16166]
 [  358  3297 17406 23124]
 [  301  3630 18662 24606]]

Classification Report = 
              precision    recall  f1-score   support

   ambiguous       0.11      0.01      0.01     15186
    negative       0.22      0.08      0.11     30886
     neutral       0.32      0.39      0.35     44185
    positive       0.34      0.52      0.41     47199

    accuracy                           0.32    137456
   macro avg       0.25      0.25      0.22    137456
weighted avg       0.28      0.32      0.28    137456

----------------------------------------------------------

-----Emotions classification (Decision Tree)-----
Emotions hyperparameters = 30449
Confusion Matrix = 
[[  620   313   243   446   553   151   236   227   100   200   313   123
     49   112    75   303    12   184   206    33  3286   150    17   159
     18    37   121   113]
 [  363   193   161   238   326    96   130   153    59   100   180    61
     37    67    43   164     8   102   117    19  1937    84    10    94
      7    26    72    64]
 [  302   152   117   215   295    76    99   128    36    97   155    57
     25    51    40   142     4    86    93    14  1660    69     6    77
      6    19    76    53]
 [  511   232   186   340   439   107   168   193    64   148   249   100
     31    85    50   235     4   148   157    21  2608   124    15   133
     15    39   104   115]
 [  647   344   284   463   611   146   255   233    92   206   379   105
     64   101    74   334     9   191   191    28  3548   169    14   163
     23    46   150   130]
 [  202   101    90   152   192    63    72    92    20    53   125    38
     14    36    21   114     3    66    51    12  1092    44    11    48
      4    15    45    43]
 [  299   144   114   198   257    73    97   114    43    92   172    46
     25    51    33   137     6    77    90    11  1586    64     7    64
      9    22    65    63]
 [  328   194   139   243   334    90   147   152    41   128   157    50
     28    69    48   168     3    80    93    15  1861    92    10    80
      7    30    74    56]
 [  112    61    45    90   125    40    50    60    15    38    72    18
     14    28    19    74     4    37    43     7   641    32     4    29
      1    14    27    18]
 [  269   127   112   200   238    79   110   131    45    56   156    68
     27    59    36   145     1    79    99    13  1483    71     9    76
      7    21    80    41]
 [  462   208   202   326   397   100   164   213    51   132   273    80
     36    87    56   213     8   118   149    18  2464   103    11    96
     14    31    88    76]
 [  194    83    68   105   169    29    66    70    15    45    93    31
     13    33    17    93     2    46    45     8   960    35     4    56
      6    14    34    37]
 [   93    51    28    60    79    23    38    29    14    21    61    13
      4    12     9    46     0    22    26     2   428    21     4    20
      8     6    16    20]
 [  192    91    84   109   173    39    47    79    22    45   105    34
     15    31    18    72     2    58    53     8   948    40     5    46
     12    23    47    41]
 [   94    46    39    66    94    21    26    41    12    33    55    18
      8    21     9    52     2    25    32     6   596    34     1    26
      4    12    22    24]
 [  396   218   158   305   356   100   164   152    59   131   249    63
     33    87    54   221     3   122   112    26  2235    92    14    88
     15    29    86    85]
 [   22    12    11    12    17    10    10    11     4     7     9     5
      1     5     4    13     0     2     6     1   107     4     0     3
      1     1     4     6]
 [  276   122    83   195   231    67    91   130    34   100   149    44
     13    54    27   123     4    78    66    13  1321    52     5    60
     19    15    47    37]
 [  328   141   122   196   274    78   113   111    38    67   154    48
     31    51    35   123     5    76   107    15  1557    54    10    80
      6    20    79    55]
 [   38    28    20    21    36    15    19    24     7    10    22     8
      5     8     8    25     1    12    14     5   260    12     4    15
      3     3    11     3]
 [ 3260  1542  1456  2239  2898   803  1194  1333   456  1048  1801   578
    268   591   367  1550    69   935  1048   163 17402   735    91   761
     85   222   701   589]
 [  295   139   110   200   259    61    87   111    33    86   157    39
     19    45    33   144     2    73    66    11  1398    60     7    53
     15    18    68    55]
 [   38    23    23    33    40    10    15    15     8    19    15     8
      3     5     3    19     0    17    12     1   209    19     3     5
      1     0     9     5]
 [  246   162   135   186   228    62    98   121    37    87   152    62
     22    47    41   123     4    67    85     9  1518    59     7    80
     10    12    50    49]
 [   38    27    21    29    39     8    14    29     9    17    35     8
      3     3    10    21     0    10    11     3   239    11     2    14
      1     3    11    11]
 [   99    28    41    65    85    14    36    32    11    40    63     7
      4    18    11    36     3    27    29     5   494    13     2    22
      3     5    15    15]
 [  201   111    90   141   185    63   100   103    37    62   110    46
     25    33    36    99     5    55    62     7  1207    61     5    54
      8    10    51    42]
 [  202    89    82   139   205    45    75    79    29    71   108    39
     17    36    18    96     6    62    64    11  1072    46     3    49
     12    13    41    42]]

Classification Report = 
                precision    recall  f1-score   support

    admiration       0.06      0.07      0.07      8400
     amusement       0.04      0.04      0.04      4911
         anger       0.03      0.03      0.03      4150
     annoyance       0.05      0.05      0.05      6621
      approval       0.07      0.07      0.07      9000
        caring       0.03      0.02      0.02      2819
     confusion       0.03      0.02      0.03      3959
     curiosity       0.04      0.03      0.03      4717
        desire       0.01      0.01      0.01      1718
disappointment       0.02      0.01      0.02      3838
   disapproval       0.05      0.04      0.05      6176
       disgust       0.02      0.01      0.01      2371
 embarrassment       0.00      0.00      0.00      1154
    excitement       0.02      0.01      0.01      2439
          fear       0.01      0.01      0.01      1419
     gratitude       0.05      0.04      0.04      5653
         grief       0.00      0.00      0.00       288
           joy       0.03      0.02      0.02      3456
          love       0.03      0.03      0.03      3974
   nervousness       0.01      0.01      0.01       637
       neutral       0.32      0.39      0.35     44185
      optimism       0.03      0.02      0.02      3644
         pride       0.01      0.01      0.01       558
   realization       0.03      0.02      0.03      3759
        relief       0.00      0.00      0.00       627
       remorse       0.01      0.00      0.01      1223
       sadness       0.02      0.02      0.02      3009
      surprise       0.02      0.02      0.02      2751

      accuracy                           0.15    137456
     macro avg       0.04      0.04      0.04    137456
  weighted avg       0.13      0.15      0.14    137456

----------------------------------------------------------

-----Sentiments classification (Decision Tree)-----
Sentiments hyperparameters = 30450
Confusion Matrix = 
[[ 1506  3201  4879  5600]
 [ 3012  6390 10291 11193]
 [ 4292  9414 14552 15927]
 [ 4575 10032 15489 17103]]

Classification Report = 
              precision    recall  f1-score   support

   ambiguous       0.11      0.10      0.11     15186
    negative       0.22      0.21      0.21     30886
     neutral       0.32      0.33      0.33     44185
    positive       0.34      0.36      0.35     47199

    accuracy                           0.29    137456
   macro avg       0.25      0.25      0.25    137456
weighted avg       0.28      0.29      0.29    137456

----------------------------------------------------------

-----Emotions classification (multi layer perceptron)-----
Emotions hyperparameters = 30449
Confusion Matrix = 
[[    0     0     0     0     0     0     0     0     0     0     0     0
      0     0     0     0     0     0     0     0  8400     0     0     0
      0     0     0     0]
 [    0     0     0     0     0     0     0     0     0     0     0     0
      0     0     0     0     0     0     0     0  4911     0     0     0
      0     0     0     0]
 [    0     0     0     0     0     0     0     0     0     0     0     0
      0     0     0     0     0     0     0     0  4150     0     0     0
      0     0     0     0]
 [    0     0     0     0     0     0     0     0     0     0     0     0
      0     0     0     0     0     0     0     0  6621     0     0     0
      0     0     0     0]
 [    0     0     0     0     0     0     0     0     0     0     0     0
      0     0     0     0     0     0     0     0  9000     0     0     0
      0     0     0     0]
 [    0     0     0     0     0     0     0     0     0     0     0     0
      0     0     0     0     0     0     0     0  2819     0     0     0
      0     0     0     0]
 [    0     0     0     0     0     0     0     0     0     0     0     0
      0     0     0     0     0     0     0     0  3959     0     0     0
      0     0     0     0]
 [    0     0     0     0     0     0     0     0     0     0     0     0
      0     0     0     0     0     0     0     0  4717     0     0     0
      0     0     0     0]
 [    0     0     0     0     0     0     0     0     0     0     0     0
      0     0     0     0     0     0     0     0  1718     0     0     0
      0     0     0     0]
 [    0     0     0     0     0     0     0     0     0     0     0     0
      0     0     0     0     0     0     0     0  3838     0     0     0
      0     0     0     0]
 [    0     0     0     0     0     0     0     0     0     0     0     0
      0     0     0     0     0     0     0     0  6176     0     0     0
      0     0     0     0]
 [    0     0     0     0     0     0     0     0     0     0     0     0
      0     0     0     0     0     0     0     0  2371     0     0     0
      0     0     0     0]
 [    0     0     0     0     0     0     0     0     0     0     0     0
      0     0     0     0     0     0     0     0  1154     0     0     0
      0     0     0     0]
 [    0     0     0     0     0     0     0     0     0     0     0     0
      0     0     0     0     0     0     0     0  2439     0     0     0
      0     0     0     0]
 [    0     0     0     0     0     0     0     0     0     0     0     0
      0     0     0     0     0     0     0     0  1419     0     0     0
      0     0     0     0]
 [    0     0     0     0     0     0     0     0     0     0     0     0
      0     0     0     0     0     0     0     0  5653     0     0     0
      0     0     0     0]
 [    0     0     0     0     0     0     0     0     0     0     0     0
      0     0     0     0     0     0     0     0   288     0     0     0
      0     0     0     0]
 [    0     0     0     0     0     0     0     0     0     0     0     0
      0     0     0     0     0     0     0     0  3456     0     0     0
      0     0     0     0]
 [    0     0     0     0     0     0     0     0     0     0     0     0
      0     0     0     0     0     0     0     0  3974     0     0     0
      0     0     0     0]
 [    0     0     0     0     0     0     0     0     0     0     0     0
      0     0     0     0     0     0     0     0   637     0     0     0
      0     0     0     0]
 [    0     0     0     0     0     0     0     0     0     0     0     0
      0     0     0     0     0     0     0     0 44185     0     0     0
      0     0     0     0]
 [    0     0     0     0     0     0     0     0     0     0     0     0
      0     0     0     0     0     0     0     0  3644     0     0     0
      0     0     0     0]
 [    0     0     0     0     0     0     0     0     0     0     0     0
      0     0     0     0     0     0     0     0   558     0     0     0
      0     0     0     0]
 [    0     0     0     0     0     0     0     0     0     0     0     0
      0     0     0     0     0     0     0     0  3759     0     0     0
      0     0     0     0]
 [    0     0     0     0     0     0     0     0     0     0     0     0
      0     0     0     0     0     0     0     0   627     0     0     0
      0     0     0     0]
 [    0     0     0     0     0     0     0     0     0     0     0     0
      0     0     0     0     0     0     0     0  1223     0     0     0
      0     0     0     0]
 [    0     0     0     0     0     0     0     0     0     0     0     0
      0     0     0     0     0     0     0     0  3009     0     0     0
      0     0     0     0]
 [    0     0     0     0     0     0     0     0     0     0     0     0
      0     0     0     0     0     0     0     0  2751     0     0     0
      0     0     0     0]]

Classification Report = 
                precision    recall  f1-score   support

    admiration       0.00      0.00      0.00      8400
     amusement       0.00      0.00      0.00      4911
         anger       0.00      0.00      0.00      4150
     annoyance       0.00      0.00      0.00      6621
      approval       0.00      0.00      0.00      9000
        caring       0.00      0.00      0.00      2819
     confusion       0.00      0.00      0.00      3959
     curiosity       0.00      0.00      0.00      4717
        desire       0.00      0.00      0.00      1718
disappointment       0.00      0.00      0.00      3838
   disapproval       0.00      0.00      0.00      6176
       disgust       0.00      0.00      0.00      2371
 embarrassment       0.00      0.00      0.00      1154
    excitement       0.00      0.00      0.00      2439
          fear       0.00      0.00      0.00      1419
     gratitude       0.00      0.00      0.00      5653
         grief       0.00      0.00      0.00       288
           joy       0.00      0.00      0.00      3456
          love       0.00      0.00      0.00      3974
   nervousness       0.00      0.00      0.00       637
       neutral       0.32      1.00      0.49     44185
      optimism       0.00      0.00      0.00      3644
         pride       0.00      0.00      0.00       558
   realization       0.00      0.00      0.00      3759
        relief       0.00      0.00      0.00       627
       remorse       0.00      0.00      0.00      1223
       sadness       0.00      0.00      0.00      3009
      surprise       0.00      0.00      0.00      2751

      accuracy                           0.32    137456
     macro avg       0.01      0.04      0.02    137456
  weighted avg       0.10      0.32      0.16    137456

----------------------------------------------------------

-----Sentiments classification (Multi layer perceptron)-----
Sentiments hyperparameters = 30450
Confusion Matrix = 
[[    0    91  3592 11503]
 [    1   198  7328 23359]
 [    2   250 10426 33507]
 [    1   292 11060 35846]]

Classification Report = 
              precision    recall  f1-score   support

   ambiguous       0.00      0.00      0.00     15186
    negative       0.24      0.01      0.01     30886
     neutral       0.32      0.24      0.27     44185
    positive       0.34      0.76      0.47     47199

    accuracy                           0.34    137456
   macro avg       0.23      0.25      0.19    137456
weighted avg       0.28      0.34      0.25    137456

----------------------------------------------------------

-----Emotions classification (Top Multinomial Naive Bayes with GridSearchCV)-----
Emotions hyperparamenters = 30449
Confusion Matrix = 
[[    1     0     0     1     1     0     1     0     0     0     0     0
      0     0     0     0     0     0     0     0  8396     0     0     0
      0     0     0     0]
 [    0     0     0     0     1     0     1     0     0     0     0     0
      0     0     0     0     0     0     0     0  4909     0     0     0
      0     0     0     0]
 [    0     0     0     0     1     0     0     0     0     0     0     0
      0     0     0     0     0     0     0     0  4149     0     0     0
      0     0     0     0]
 [    1     0     0     0     1     0     1     0     0     0     0     0
      0     0     0     0     0     0     0     0  6618     0     0     0
      0     0     0     0]
 [    0     0     0     1     0     0     0     0     0     0     0     0
      0     0     0     1     0     0     0     0  8998     0     0     0
      0     0     0     0]
 [    0     0     0     0     0     0     0     0     0     0     0     0
      0     0     0     0     0     1     0     0  2818     0     0     0
      0     0     0     0]
 [    0     0     0     0     0     0     0     0     0     0     0     0
      0     0     0     0     0     0     0     0  3959     0     0     0
      0     0     0     0]
 [    0     0     0     0     1     0     0     0     0     0     0     0
      0     0     0     0     0     0     0     0  4716     0     0     0
      0     0     0     0]
 [    0     1     0     0     0     0     0     0     0     0     0     0
      0     0     0     0     0     0     0     0  1717     0     0     0
      0     0     0     0]
 [    0     0     0     0     0     0     0     0     0     0     0     0
      0     0     0     0     0     1     0     0  3837     0     0     0
      0     0     0     0]
 [    0     0     0     1     0     0     0     0     0     0     0     0
      0     0     0     0     0     0     0     0  6175     0     0     0
      0     0     0     0]
 [    0     0     0     0     0     0     0     0     0     0     0     0
      0     0     0     0     0     0     0     0  2371     0     0     0
      0     0     0     0]
 [    0     0     0     1     0     0     0     0     0     0     0     0
      0     0     0     0     0     0     0     0  1153     0     0     0
      0     0     0     0]
 [    0     0     0     0     0     0     0     0     0     0     0     0
      0     0     0     0     0     0     0     0  2439     0     0     0
      0     0     0     0]
 [    0     0     0     0     0     0     0     0     0     0     0     0
      0     0     0     0     0     0     0     0  1419     0     0     0
      0     0     0     0]
 [    0     0     0     0     1     0     0     0     0     0     0     0
      0     0     0     0     0     0     0     0  5652     0     0     0
      0     0     0     0]
 [    0     0     0     0     0     0     0     0     0     0     0     0
      0     0     0     0     0     0     0     0   288     0     0     0
      0     0     0     0]
 [    2     0     0     0     0     0     0     0     0     0     0     0
      0     0     0     0     0     0     0     0  3454     0     0     0
      0     0     0     0]
 [    0     0     0     0     1     0     0     0     0     0     0     0
      0     0     0     0     0     0     0     0  3973     0     0     0
      0     0     0     0]
 [    0     0     0     0     0     0     0     0     0     0     0     0
      0     0     0     0     0     0     0     0   637     0     0     0
      0     0     0     0]
 [    3     1     0     0     7     0     1     0     0     0     0     0
      0     0     0     0     0     0     0     0 44173     0     0     0
      0     0     0     0]
 [    0     0     0     0     1     0     0     0     0     0     0     0
      0     0     0     0     0     1     0     0  3642     0     0     0
      0     0     0     0]
 [    0     0     0     0     0     0     0     0     0     0     0     0
      0     0     0     0     0     0     0     0   558     0     0     0
      0     0     0     0]
 [    0     0     0     0     1     0     0     0     0     0     0     0
      0     0     0     0     0     0     0     0  3758     0     0     0
      0     0     0     0]
 [    0     0     0     0     0     0     0     0     0     0     0     0
      0     0     0     0     0     0     0     0   627     0     0     0
      0     0     0     0]
 [    0     0     0     1     1     0     0     0     0     0     0     0
      0     0     0     0     0     0     0     0  1221     0     0     0
      0     0     0     0]
 [    0     0     0     0     0     0     0     0     0     0     0     0
      0     0     0     0     0     0     0     0  3009     0     0     0
      0     0     0     0]
 [    0     0     0     0     0     0     0     0     0     0     0     0
      0     0     0     0     0     0     0     0  2751     0     0     0
      0     0     0     0]]

Classification Report = 
                precision    recall  f1-score   support

    admiration       0.14      0.00      0.00      8400
     amusement       0.00      0.00      0.00      4911
         anger       0.00      0.00      0.00      4150
     annoyance       0.00      0.00      0.00      6621
      approval       0.00      0.00      0.00      9000
        caring       0.00      0.00      0.00      2819
     confusion       0.00      0.00      0.00      3959
     curiosity       0.00      0.00      0.00      4717
        desire       0.00      0.00      0.00      1718
disappointment       0.00      0.00      0.00      3838
   disapproval       0.00      0.00      0.00      6176
       disgust       0.00      0.00      0.00      2371
 embarrassment       0.00      0.00      0.00      1154
    excitement       0.00      0.00      0.00      2439
          fear       0.00      0.00      0.00      1419
     gratitude       0.00      0.00      0.00      5653
         grief       0.00      0.00      0.00       288
           joy       0.00      0.00      0.00      3456
          love       0.00      0.00      0.00      3974
   nervousness       0.00      0.00      0.00       637
       neutral       0.32      1.00      0.49     44185
      optimism       0.00      0.00      0.00      3644
         pride       0.00      0.00      0.00       558
   realization       0.00      0.00      0.00      3759
        relief       0.00      0.00      0.00       627
       remorse       0.00      0.00      0.00      1223
       sadness       0.00      0.00      0.00      3009
      surprise       0.00      0.00      0.00      2751

      accuracy                           0.32    137456
     macro avg       0.02      0.04      0.02    137456
  weighted avg       0.11      0.32      0.16    137456

----------------------------------------------------------

-----Sentiment classification (Top Multinomial Naive Bayes with GridSearchCV)-----
Sentiment hyperparamenters = 30450
Confusion Matrix = 
[[    0    32  4567 10587]
 [    2    65  9291 21528]
 [    0    92 13127 30966]
 [    0   106 14129 32964]]

Classification Report = 
              precision    recall  f1-score   support

   ambiguous       0.00      0.00      0.00     15186
    negative       0.22      0.00      0.00     30886
     neutral       0.32      0.30      0.31     44185
    positive       0.34      0.70      0.46     47199

    accuracy                           0.34    137456
   macro avg       0.22      0.25      0.19    137456
weighted avg       0.27      0.34      0.26    137456

----------------------------------------------------------

-----Emotions classification (Grid Search Decision Tree)-----
Emotions hyperparameters = 30449
Confusion Matrix = 
[[    0     0     0     2     2     0     0     0     0     0     2     0
      0     0     0     0     0     0     0     0  8394     0     0     0
      0     0     0     0]
 [    0     0     0     1     2     0     0     0     0     0     0     0
      0     0     0     0     0     0     0     0  4908     0     0     0
      0     0     0     0]
 [    0     0     0     1     0     0     0     0     0     0     1     0
      0     0     0     0     0     0     0     0  4148     0     0     0
      0     0     0     0]
 [    0     0     0     0     3     0     0     0     0     0     1     0
      0     0     0     0     0     0     0     0  6617     0     0     0
      0     0     0     0]
 [    0     0     0     1     4     0     0     0     0     0     3     0
      0     0     0     0     0     0     0     0  8992     0     0     0
      0     0     0     0]
 [    0     0     0     1     0     0     0     0     0     0     1     0
      0     0     0     0     0     0     0     0  2817     0     0     0
      0     0     0     0]
 [    0     0     0     0     1     0     0     0     0     0     2     0
      0     0     0     0     0     0     0     0  3956     0     0     0
      0     0     0     0]
 [    0     0     0     1     1     0     0     0     0     0     2     0
      0     0     0     0     0     0     0     0  4713     0     0     0
      0     0     0     0]
 [    0     0     0     0     2     0     0     0     0     0     1     0
      0     0     0     0     0     0     0     0  1715     0     0     0
      0     0     0     0]
 [    0     0     0     0     0     0     0     0     0     0     0     0
      0     0     0     0     0     0     0     0  3838     0     0     0
      0     0     0     0]
 [    0     0     0     0     0     0     0     0     0     0     2     0
      0     0     0     0     0     0     0     0  6174     0     0     0
      0     0     0     0]
 [    0     0     0     1     2     0     0     0     0     0     2     0
      0     0     0     0     0     0     0     0  2366     0     0     0
      0     0     0     0]
 [    0     0     0     0     0     0     0     0     0     0     0     0
      0     0     0     0     0     0     0     0  1154     0     0     0
      0     0     0     0]
 [    0     0     0     0     0     0     0     0     0     0     0     0
      0     0     0     0     0     0     0     0  2439     0     0     0
      0     0     0     0]
 [    0     0     0     0     0     0     0     0     0     0     1     0
      0     0     0     0     0     0     0     0  1418     0     0     0
      0     0     0     0]
 [    0     0     0     0     2     0     0     0     0     0     3     0
      0     0     0     0     0     0     0     0  5648     0     0     0
      0     0     0     0]
 [    0     0     0     1     0     0     0     0     0     0     0     0
      0     0     0     0     0     0     0     0   287     0     0     0
      0     0     0     0]
 [    0     0     0     0     1     0     0     0     0     0     0     0
      0     0     0     0     0     0     0     0  3455     0     0     0
      0     0     0     0]
 [    0     0     0     0     1     0     0     0     0     0     1     0
      0     0     0     0     0     0     0     0  3972     0     0     0
      0     0     0     0]
 [    0     0     0     0     0     0     0     0     0     0     0     0
      0     0     0     0     0     0     0     0   637     0     0     0
      0     0     0     0]
 [    0     0     0     3    17     0     0     0     0     0    10     0
      0     0     0     0     0     0     0     0 44155     0     0     0
      0     0     0     0]
 [    0     0     0     2     0     0     0     0     0     0     0     0
      0     0     0     0     0     0     0     0  3642     0     0     0
      0     0     0     0]
 [    0     0     0     0     0     0     0     0     0     0     0     0
      0     0     0     0     0     0     0     0   558     0     0     0
      0     0     0     0]
 [    0     0     0     1     1     0     0     0     0     0     1     0
      0     0     0     0     0     0     0     0  3756     0     0     0
      0     0     0     0]
 [    0     0     0     0     0     0     0     0     0     0     1     0
      0     0     0     0     0     0     0     0   626     0     0     0
      0     0     0     0]
 [    0     0     0     0     0     0     0     0     0     0     0     0
      0     0     0     0     0     0     0     0  1223     0     0     0
      0     0     0     0]
 [    0     0     0     0     0     0     0     0     0     0     0     0
      0     0     0     0     0     0     0     0  3009     0     0     0
      0     0     0     0]
 [    0     0     0     0     1     0     0     0     0     0     3     0
      0     0     0     0     0     0     0     0  2747     0     0     0
      0     0     0     0]]

Classification Report = 
                precision    recall  f1-score   support

    admiration       0.00      0.00      0.00      8400
     amusement       0.00      0.00      0.00      4911
         anger       0.00      0.00      0.00      4150
     annoyance       0.00      0.00      0.00      6621
      approval       0.10      0.00      0.00      9000
        caring       0.00      0.00      0.00      2819
     confusion       0.00      0.00      0.00      3959
     curiosity       0.00      0.00      0.00      4717
        desire       0.00      0.00      0.00      1718
disappointment       0.00      0.00      0.00      3838
   disapproval       0.05      0.00      0.00      6176
       disgust       0.00      0.00      0.00      2371
 embarrassment       0.00      0.00      0.00      1154
    excitement       0.00      0.00      0.00      2439
          fear       0.00      0.00      0.00      1419
     gratitude       0.00      0.00      0.00      5653
         grief       0.00      0.00      0.00       288
           joy       0.00      0.00      0.00      3456
          love       0.00      0.00      0.00      3974
   nervousness       0.00      0.00      0.00       637
       neutral       0.32      1.00      0.49     44185
      optimism       0.00      0.00      0.00      3644
         pride       0.00      0.00      0.00       558
   realization       0.00      0.00      0.00      3759
        relief       0.00      0.00      0.00       627
       remorse       0.00      0.00      0.00      1223
       sadness       0.00      0.00      0.00      3009
      surprise       0.00      0.00      0.00      2751

      accuracy                           0.32    137456
     macro avg       0.02      0.04      0.02    137456
  weighted avg       0.11      0.32      0.16    137456

----------------------------------------------------------

-----Sentiments classification (Grid Search Decision Tree)-----
Sentiments hyperparameters = 30450
Confusion Matrix = 
[[    0     0   954 14232]
 [    0     6  2007 28873]
 [    0     8  2843 41334]
 [    0     7  2979 44213]]

Classification Report = 
              precision    recall  f1-score   support

   ambiguous       0.00      0.00      0.00     15186
    negative       0.29      0.00      0.00     30886
     neutral       0.32      0.06      0.11     44185
    positive       0.34      0.94      0.50     47199

    accuracy                           0.34    137456
   macro avg       0.24      0.25      0.15    137456
weighted avg       0.29      0.34      0.21    137456

----------------------------------------------------------

-----Emotions classification (Top Multi-Layered Percentron with GridSearchCV)-----
Emotions hyperparamenters = 30449
Confusion Matrix = 
[[    0     0     0     0     0     0     0     0     0     0     0     0
      0     0     0     0     0     0     0     0  8400     0     0     0
      0     0     0     0]
 [    0     0     0     0     0     0     0     0     0     0     0     0
      0     0     0     0     0     0     0     0  4911     0     0     0
      0     0     0     0]
 [    0     0     0     0     0     0     0     0     0     0     0     0
      0     0     0     0     0     0     0     0  4150     0     0     0
      0     0     0     0]
 [    0     0     0     0     0     0     0     0     0     0     0     0
      0     0     0     0     0     0     0     0  6621     0     0     0
      0     0     0     0]
 [    0     0     0     0     0     0     0     0     0     0     0     0
      0     0     0     0     0     0     0     0  9000     0     0     0
      0     0     0     0]
 [    0     0     0     0     0     0     0     0     0     0     0     0
      0     0     0     0     0     0     0     0  2819     0     0     0
      0     0     0     0]
 [    0     0     0     0     0     0     0     0     0     0     0     0
      0     0     0     0     0     0     0     0  3959     0     0     0
      0     0     0     0]
 [    0     0     0     0     0     0     0     0     0     0     0     0
      0     0     0     0     0     0     0     0  4717     0     0     0
      0     0     0     0]
 [    0     0     0     0     0     0     0     0     0     0     0     0
      0     0     0     0     0     0     0     0  1718     0     0     0
      0     0     0     0]
 [    0     0     0     0     0     0     0     0     0     0     0     0
      0     0     0     0     0     0     0     0  3838     0     0     0
      0     0     0     0]
 [    0     0     0     0     0     0     0     0     0     0     0     0
      0     0     0     0     0     0     0     0  6176     0     0     0
      0     0     0     0]
 [    0     0     0     0     0     0     0     0     0     0     0     0
      0     0     0     0     0     0     0     0  2371     0     0     0
      0     0     0     0]
 [    0     0     0     0     0     0     0     0     0     0     0     0
      0     0     0     0     0     0     0     0  1154     0     0     0
      0     0     0     0]
 [    0     0     0     0     0     0     0     0     0     0     0     0
      0     0     0     0     0     0     0     0  2439     0     0     0
      0     0     0     0]
 [    0     0     0     0     0     0     0     0     0     0     0     0
      0     0     0     0     0     0     0     0  1419     0     0     0
      0     0     0     0]
 [    0     0     0     0     0     0     0     0     0     0     0     0
      0     0     0     0     0     0     0     0  5653     0     0     0
      0     0     0     0]
 [    0     0     0     0     0     0     0     0     0     0     0     0
      0     0     0     0     0     0     0     0   288     0     0     0
      0     0     0     0]
 [    0     0     0     0     0     0     0     0     0     0     0     0
      0     0     0     0     0     0     0     0  3456     0     0     0
      0     0     0     0]
 [    0     0     0     0     0     0     0     0     0     0     0     0
      0     0     0     0     0     0     0     0  3974     0     0     0
      0     0     0     0]
 [    0     0     0     0     0     0     0     0     0     0     0     0
      0     0     0     0     0     0     0     0   637     0     0     0
      0     0     0     0]
 [    0     0     0     0     0     0     0     0     0     0     0     0
      0     0     0     0     0     0     0     0 44185     0     0     0
      0     0     0     0]
 [    0     0     0     0     0     0     0     0     0     0     0     0
      0     0     0     0     0     0     0     0  3644     0     0     0
      0     0     0     0]
 [    0     0     0     0     0     0     0     0     0     0     0     0
      0     0     0     0     0     0     0     0   558     0     0     0
      0     0     0     0]
 [    0     0     0     0     0     0     0     0     0     0     0     0
      0     0     0     0     0     0     0     0  3759     0     0     0
      0     0     0     0]
 [    0     0     0     0     0     0     0     0     0     0     0     0
      0     0     0     0     0     0     0     0   627     0     0     0
      0     0     0     0]
 [    0     0     0     0     0     0     0     0     0     0     0     0
      0     0     0     0     0     0     0     0  1223     0     0     0
      0     0     0     0]
 [    0     0     0     0     0     0     0     0     0     0     0     0
      0     0     0     0     0     0     0     0  3009     0     0     0
      0     0     0     0]
 [    0     0     0     0     0     0     0     0     0     0     0     0
      0     0     0     0     0     0     0     0  2751     0     0     0
      0     0     0     0]]

Classification Report = 
                precision    recall  f1-score   support

    admiration       0.00      0.00      0.00      8400
     amusement       0.00      0.00      0.00      4911
         anger       0.00      0.00      0.00      4150
     annoyance       0.00      0.00      0.00      6621
      approval       0.00      0.00      0.00      9000
        caring       0.00      0.00      0.00      2819
     confusion       0.00      0.00      0.00      3959
     curiosity       0.00      0.00      0.00      4717
        desire       0.00      0.00      0.00      1718
disappointment       0.00      0.00      0.00      3838
   disapproval       0.00      0.00      0.00      6176
       disgust       0.00      0.00      0.00      2371
 embarrassment       0.00      0.00      0.00      1154
    excitement       0.00      0.00      0.00      2439
          fear       0.00      0.00      0.00      1419
     gratitude       0.00      0.00      0.00      5653
         grief       0.00      0.00      0.00       288
           joy       0.00      0.00      0.00      3456
          love       0.00      0.00      0.00      3974
   nervousness       0.00      0.00      0.00       637
       neutral       0.32      1.00      0.49     44185
      optimism       0.00      0.00      0.00      3644
         pride       0.00      0.00      0.00       558
   realization       0.00      0.00      0.00      3759
        relief       0.00      0.00      0.00       627
       remorse       0.00      0.00      0.00      1223
       sadness       0.00      0.00      0.00      3009
      surprise       0.00      0.00      0.00      2751

      accuracy                           0.32    137456
     macro avg       0.01      0.04      0.02    137456
  weighted avg       0.10      0.32      0.16    137456

----------------------------------------------------------

-----Sentiment classification (Top Multi-Layered Percentron with GridSearchCV)-----
Sentiment hyperparamenters = 30449
Confusion Matrix = 
[[    0     0 15145    41]
 [    0     0 30769   117]
 [    0     0 44035   150]
 [    0     0 47029   170]]

Classification Report = 
              precision    recall  f1-score   support

   ambiguous       0.00      0.00      0.00     15186
    negative       0.00      0.00      0.00     30886
     neutral       0.32      1.00      0.49     44185
    positive       0.36      0.00      0.01     47199

    accuracy                           0.32    137456
   macro avg       0.17      0.25      0.12    137456
weighted avg       0.23      0.32      0.16    137456

----------------------------------------------------------

~train_test_split~
training dataset size: 50%
testing dataset size: 50%

----------------------------------------------------------

-----Emotions classification (Multinomial Naive Bayes)-----
Emotions hyperparameters = 30449
Confusion Matrix = 
[[   58    11    13    32    75     2     1     7     1     6    29     1
      0     1     0    20     0     1     5     0  5017    11     0     6
      0     0     4     4]
 [   53     7     6    20    49     3     2     5     2     3    14     0
      0     0     0    16     0     1     8     0  2843     3     0     5
      0     0     0     0]
 [   36    10     4    24    31     2     6     6     0     4    17     2
      1     3     0     7     0     1     2     0  2484     3     0     2
      0     0     0     1]
 [   40    16     9    31    67     1     5     9     1     6    25     0
      1     2     0    23     0     2     5     0  3891     6     0     4
      1     0     2     2]
 [   62    11    10    35    78     4    10    11     0     4    24     0
      0     1     0    22     0     7     7     1  5279     6     0     9
      0     1     4     5]
 [   13     6     2    11    33     0     4     3     0     1    15     1
      0     2     0     9     0     2     4     0  1641     0     0     1
      0     0     3     0]
 [   23    11     6    13    32     1     4     7     1     2     7     0
      0     1     0    11     0     0     4     0  2303     2     0     2
      0     0     1     1]
 [   40    10     8    18    46     4     2    10     0     0    22     0
      0     1     0     8     0     1     4     0  2771     3     0     4
      0     0     1     1]
 [   10     1     3     4    11     0     1     1     0     0     0     0
      0     0     0     5     0     3     0     0  1016     1     0     2
      0     0     2     0]
 [   24     8     2    12    32     3     6     2     0     4    15     0
      0     1     0     6     0     3     4     0  2216     4     0     4
      0     0     1     0]
 [   55     5     8    23    74     3     4     8     0     4    20     1
      0     2     0    15     0     4     6     0  3678     3     0     6
      0     0     2     3]
 [   12     1     2     9    19     0     1     3     0     3     6     0
      1     0     0     6     0     2     4     0  1398     3     0     2
      0     0     1     1]
 [    6     3     1     4    12     1     2     0     0     1     6     0
      0     0     0     0     0     1     0     0   688     0     0     0
      0     0     1     1]
 [   17     1     1     8    13     1     2     1     0     1    13     1
      0     0     0     9     0     1     1     0  1451     2     0     1
      0     0     0     1]
 [    8     5     2     2    11     0     1     2     0     2     2     0
      0     0     0     4     0     1     1     0   859     0     0     1
      0     0     1     1]
 [   55     5     3    30    58     0    12    10     0     2    16     3
      0     1     1    10     0     4     4     0  3303     5     0     3
      0     0     1     2]
 [    0     0     1     0     2     1     0     0     0     0     0     0
      0     0     0     4     0     0     0     0   176     0     0     1
      0     0     0     0]
 [   29     4     8    12    42     1     4     6     0     2     5     0
      0     4     0    11     0     3     2     0  2023     1     0     1
      0     0     2     0]
 [   21     3     3    16    24     1     2     8     0     1    17     0
      1     0     0     7     0     3     4     0  2318     2     0     2
      0     0     0     1]
 [    3     1     0     3     7     0     0     5     0     0     1     0
      0     0     0     2     0     2     1     0   361     1     0     1
      0     0     0     0]
 [  370    80    53   180   483    19    38    65     5    28   112     8
      2     6     0   115     0    26    31     0 25906    29     0    31
      0     0    20     9]
 [   26     2     4    12    35     0     4     9     0     0    11     0
      0     1     0    12     0     4     7     0  2111     3     0     3
      0     0     0     2]
 [    6     1     1     3     1     0     1     0     0     1     1     0
      0     0     0     1     0     0     1     0   306     1     0     1
      0     0     0     0]
 [   28     8     3    10    30     2     2     5     1     4    13     1
      0     1     0     8     0     3     1     0  2224     2     0     3
      0     0     1     1]
 [    7     1     1     4     3     0     0     0     0     0     4     0
      0     0     0     1     0     1     3     0   367     0     0     2
      0     0     0     0]
 [    6     4     0     8    11     0     2     1     0     1     5     0
      1     0     0    10     0     3     1     0   701     2     0     1
      0     0     0     0]
 [   23     6     2    13    28     0     3    11     0     3    12     1
      2     0     0     5     0     1     3     0  1781     2     0     0
      0     0     1     2]
 [   25     3     5    13    23     1     5     1     2     1     7     0
      0     0     0     7     0     0     1     0  1699     2     0     1
      0     0     1     2]]

Classification Report = 
                precision    recall  f1-score   support

    admiration       0.05      0.01      0.02      5305
     amusement       0.03      0.00      0.00      3040
         anger       0.02      0.00      0.00      2646
     annoyance       0.06      0.01      0.01      4149
      approval       0.06      0.01      0.02      5591
        caring       0.00      0.00      0.00      1751
     confusion       0.03      0.00      0.00      2432
     curiosity       0.05      0.00      0.01      2954
        desire       0.00      0.00      0.00      1060
disappointment       0.05      0.00      0.00      2347
   disapproval       0.05      0.01      0.01      3924
       disgust       0.00      0.00      0.00      1474
 embarrassment       0.00      0.00      0.00       727
    excitement       0.00      0.00      0.00      1525
          fear       0.00      0.00      0.00       903
     gratitude       0.03      0.00      0.01      3528
         grief       0.00      0.00      0.00       185
           joy       0.04      0.00      0.00      2160
          love       0.04      0.00      0.00      2434
   nervousness       0.00      0.00      0.00       388
       neutral       0.32      0.94      0.48     27616
      optimism       0.03      0.00      0.00      2246
         pride       0.00      0.00      0.00       325
   realization       0.03      0.00      0.00      2351
        relief       0.00      0.00      0.00       394
       remorse       0.00      0.00      0.00       757
       sadness       0.02      0.00      0.00      1899
      surprise       0.05      0.00      0.00      1799

      accuracy                           0.30     85910
     macro avg       0.03      0.04      0.02     85910
  weighted avg       0.13      0.30      0.16     85910

----------------------------------------------------------

-----Sentiments classification (Multinomial Naive Bayes)-----
Sentiments hyperparameters = 30450
Confusion Matrix = 
[[  221   964  3529  4822]
 [  412  1903  7291  9793]
 [  574  2871 10210 13961]
 [  631  3091 11061 14576]]

Classification Report = 
              precision    recall  f1-score   support

   ambiguous       0.12      0.02      0.04      9536
    negative       0.22      0.10      0.13     19399
     neutral       0.32      0.37      0.34     27616
    positive       0.34      0.50      0.40     29359

    accuracy                           0.31     85910
   macro avg       0.25      0.25      0.23     85910
weighted avg       0.28      0.31      0.28     85910

----------------------------------------------------------

-----Emotions classification (Decision Tree)-----
Emotions hyperparameters = 30449
Confusion Matrix = 
[[ 431  256  212  323  444  105  185  168   64  137  259   68   47   90
    54  206   10  100  116   18 1669   75   17  105    8   18   54   66]
 [ 291  142  117  181  252   61   87   92   47   97  133   38   18   54
    27  114    7   62   74   13  923   53    6   47    5   20   45   34]
 [ 246  149  101  172  199   46   73   94   41   96   99   36   21   32
    17   96    4   57   67   11  826   38    6   39    8    7   39   26]
 [ 362  205  176  218  340   87  143  128   70  112  178   57   37   62
    42  162    2   91   87   13 1347   60    9   46   10   13   56   36]
 [ 488  278  222  379  477  127  182  195   73  143  218  100   54   77
    49  201   10  126  153   11 1696  107    9   75   10   26   47   58]
 [ 163   88   64  111  148   33   65   48   24   59   83   32    7   29
    13   53    2   34   38    5  551   22    2   26    4    8   16   23]
 [ 198  137  108  127  170   64   81   84   46   66  123   49   19   35
    22   89    3   40   59    3  765   29    7   33    4    6   33   32]
 [ 272  157  105  174  247   66   97  117   52   83  127   50   23   57
    20  109    6   51   78    8  864   45    5   51    6   10   44   30]
 [  91   50   38   74   91   22   32   43   14   26   38   12    8   19
    13   38    1   31   15    6  325   19    0   18    5    3   14   14]
 [ 208  112   91  142  204   49   71   72   32   63  103   35   27   35
    20   87    2   54   43    7  736   37    5   34    7   13   36   22]
 [ 391  175  143  270  329  100  137  113   56  111  175   50   19   58
    32  131    3   88   90    9 1217   60   12   48   16   19   40   32]
 [ 134   82   54   88  112   36   45   59   18   35   67   21   16   27
    11   49    1   31   33    5  444   27    6   26    4    6   16   21]
 [  69   31   25   42   66   19   28   24    6   20   24   11    3   14
     3   22    1   13   13    3  249   12    2   15    0    1    8    3]
 [ 137   68   50   92  113   35   50   44   23   48   79   25    9   20
    10   61    0   35   37    7  488   27    3   23    3    9   17   12]
 [  74   46   37   71   63   20   23   35    9   30   36   19    7   14
     6   38    4   15   23    6  279    7    2   11    0    1   15   12]
 [ 294  169  141  236  302   75  102  128   41   98  166   58   37   75
    19  114    3   54   75   17 1099   68   10   46    7   22   36   36]
 [   9    4    4   10   18    4    4    7    0    3    3    6    4    2
     2   12    0    5    6    0   71    1    0    7    0    0    1    2]
 [ 214  106   92  120  171   45   75   86   34   56   89   33   16   34
    24   75    5   57   58    5  651   28    4   27    3   10   23   19]
 [ 198  134   97  153  172   58   82   90   31   56  116   37   23   33
    17   98    2   48   63   10  768   32    8   32    6   12   32   26]
 [  30   23   11   29   36    5   17   16    5   10   11    3    2    4
     1   17    0    9   14    1  122    9    1    4    1    2    5    0]
 [2476 1352 1083 1673 2268  650  925 1004  397  769 1202  433  212  420
   223  948   44  591  644  103 8616  406   67  392   48  110  324  236]
 [ 198   99   74  146  191   63   83   81   30   51  109   39   20   45
    14   77    1   51   56    9  696   27    9   29    3    5   22   18]
 [  29   16   20   19   20   11   22   16    3   12   18    6    0    3
     2   12    0    6   12    0   80    4    0    7    2    1    1    3]
 [ 217  118   78  152  193   61   77   77   32   76  101   25   19   33
    19   78    1   44   55    8  745   41    1   29    5    4   32   30]
 [  38   21   13   25   37   16   10   13    5   12   20    8    1    6
     3   14    1   11   10    1  114    4    0    3    1    1    4    2]
 [  64   25   30   47   52   16   19   21   12   24   42   12    8    9
     8   20    0   15   16    3  267   10    2   10    1    3   13    8]
 [ 154  106   77  113  143   53   66   70   26   55   88   35   23   31
    14   64    2   39   50    6  569   32    8   28    4   11   20   12]
 [ 168   82   76  109  149   38   57   65   28   58   67   21   14   25
    14   64    2   34   49    9  568   24    3   24    4   13   13   21]]

Classification Report = 
                precision    recall  f1-score   support

    admiration       0.06      0.08      0.07      5305
     amusement       0.03      0.05      0.04      3040
         anger       0.03      0.04      0.03      2646
     annoyance       0.04      0.05      0.05      4149
      approval       0.07      0.09      0.08      5591
        caring       0.02      0.02      0.02      1751
     confusion       0.03      0.03      0.03      2432
     curiosity       0.04      0.04      0.04      2954
        desire       0.01      0.01      0.01      1060
disappointment       0.03      0.03      0.03      2347
   disapproval       0.05      0.04      0.05      3924
       disgust       0.02      0.01      0.02      1474
 embarrassment       0.00      0.00      0.00       727
    excitement       0.01      0.01      0.01      1525
          fear       0.01      0.01      0.01       903
     gratitude       0.04      0.03      0.03      3528
         grief       0.00      0.00      0.00       185
           joy       0.03      0.03      0.03      2160
          love       0.03      0.03      0.03      2434
   nervousness       0.00      0.00      0.00       388
       neutral       0.32      0.31      0.32     27616
      optimism       0.02      0.01      0.02      2246
         pride       0.00      0.00      0.00       325
   realization       0.02      0.01      0.02      2351
        relief       0.01      0.00      0.00       394
       remorse       0.01      0.00      0.01       757
       sadness       0.02      0.01      0.01      1899
      surprise       0.03      0.01      0.02      1799

      accuracy                           0.13     85910
     macro avg       0.03      0.03      0.03     85910
  weighted avg       0.13      0.13      0.13     85910

----------------------------------------------------------

-----Sentiments classification (Decision Tree)-----
Sentiments hyperparameters = 30450
Confusion Matrix = 
[[1066 2307 3196 2967]
 [2118 4534 6553 6194]
 [3158 6430 9175 8853]
 [3301 6861 9802 9395]]

Classification Report = 
              precision    recall  f1-score   support

   ambiguous       0.11      0.11      0.11      9536
    negative       0.23      0.23      0.23     19399
     neutral       0.32      0.33      0.33     27616
    positive       0.34      0.32      0.33     29359

    accuracy                           0.28     85910
   macro avg       0.25      0.25      0.25     85910
weighted avg       0.28      0.28      0.28     85910

----------------------------------------------------------

-----Emotions classification (multi layer perceptron)-----
Emotions hyperparameters = 30449
Confusion Matrix = 
[[    0     0     0     0     0     0     0     0     0     0     0     0
      0     0     0     0     0     0     0     0  5305     0     0     0
      0     0     0     0]
 [    0     0     0     0     0     0     0     0     0     0     0     0
      0     0     0     0     0     0     0     0  3040     0     0     0
      0     0     0     0]
 [    0     0     0     0     0     0     0     0     0     0     0     0
      0     0     0     0     0     0     0     0  2646     0     0     0
      0     0     0     0]
 [    0     0     0     0     0     0     0     0     0     0     0     0
      0     0     0     0     0     0     0     0  4149     0     0     0
      0     0     0     0]
 [    0     0     0     0     0     0     0     0     0     0     0     0
      0     0     0     0     0     0     0     0  5591     0     0     0
      0     0     0     0]
 [    0     0     0     0     0     0     0     0     0     0     0     0
      0     0     0     0     0     0     0     0  1751     0     0     0
      0     0     0     0]
 [    0     0     0     0     0     0     0     0     0     0     0     0
      0     0     0     0     0     0     0     0  2432     0     0     0
      0     0     0     0]
 [    0     0     0     0     0     0     0     0     0     0     0     0
      0     0     0     0     0     0     0     0  2954     0     0     0
      0     0     0     0]
 [    0     0     0     0     0     0     0     0     0     0     0     0
      0     0     0     0     0     0     0     0  1060     0     0     0
      0     0     0     0]
 [    0     0     0     0     0     0     0     0     0     0     0     0
      0     0     0     0     0     0     0     0  2347     0     0     0
      0     0     0     0]
 [    0     0     0     0     0     0     0     0     0     0     0     0
      0     0     0     0     0     0     0     0  3924     0     0     0
      0     0     0     0]
 [    0     0     0     0     0     0     0     0     0     0     0     0
      0     0     0     0     0     0     0     0  1474     0     0     0
      0     0     0     0]
 [    0     0     0     0     0     0     0     0     0     0     0     0
      0     0     0     0     0     0     0     0   727     0     0     0
      0     0     0     0]
 [    0     0     0     0     0     0     0     0     0     0     0     0
      0     0     0     0     0     0     0     0  1525     0     0     0
      0     0     0     0]
 [    0     0     0     0     0     0     0     0     0     0     0     0
      0     0     0     0     0     0     0     0   903     0     0     0
      0     0     0     0]
 [    0     0     0     0     0     0     0     0     0     0     0     0
      0     0     0     0     0     0     0     0  3528     0     0     0
      0     0     0     0]
 [    0     0     0     0     0     0     0     0     0     0     0     0
      0     0     0     0     0     0     0     0   185     0     0     0
      0     0     0     0]
 [    0     0     0     0     0     0     0     0     0     0     0     0
      0     0     0     0     0     0     0     0  2160     0     0     0
      0     0     0     0]
 [    0     0     0     0     0     0     0     0     0     0     0     0
      0     0     0     0     0     0     0     0  2434     0     0     0
      0     0     0     0]
 [    0     0     0     0     0     0     0     0     0     0     0     0
      0     0     0     0     0     0     0     0   388     0     0     0
      0     0     0     0]
 [    0     0     0     0     0     0     0     0     0     0     0     0
      0     0     0     0     0     0     0     0 27616     0     0     0
      0     0     0     0]
 [    0     0     0     0     0     0     0     0     0     0     0     0
      0     0     0     0     0     0     0     0  2246     0     0     0
      0     0     0     0]
 [    0     0     0     0     0     0     0     0     0     0     0     0
      0     0     0     0     0     0     0     0   325     0     0     0
      0     0     0     0]
 [    0     0     0     0     0     0     0     0     0     0     0     0
      0     0     0     0     0     0     0     0  2351     0     0     0
      0     0     0     0]
 [    0     0     0     0     0     0     0     0     0     0     0     0
      0     0     0     0     0     0     0     0   394     0     0     0
      0     0     0     0]
 [    0     0     0     0     0     0     0     0     0     0     0     0
      0     0     0     0     0     0     0     0   757     0     0     0
      0     0     0     0]
 [    0     0     0     0     0     0     0     0     0     0     0     0
      0     0     0     0     0     0     0     0  1899     0     0     0
      0     0     0     0]
 [    0     0     0     0     0     0     0     0     0     0     0     0
      0     0     0     0     0     0     0     0  1799     0     0     0
      0     0     0     0]]

Classification Report = 
                precision    recall  f1-score   support

    admiration       0.00      0.00      0.00      5305
     amusement       0.00      0.00      0.00      3040
         anger       0.00      0.00      0.00      2646
     annoyance       0.00      0.00      0.00      4149
      approval       0.00      0.00      0.00      5591
        caring       0.00      0.00      0.00      1751
     confusion       0.00      0.00      0.00      2432
     curiosity       0.00      0.00      0.00      2954
        desire       0.00      0.00      0.00      1060
disappointment       0.00      0.00      0.00      2347
   disapproval       0.00      0.00      0.00      3924
       disgust       0.00      0.00      0.00      1474
 embarrassment       0.00      0.00      0.00       727
    excitement       0.00      0.00      0.00      1525
          fear       0.00      0.00      0.00       903
     gratitude       0.00      0.00      0.00      3528
         grief       0.00      0.00      0.00       185
           joy       0.00      0.00      0.00      2160
          love       0.00      0.00      0.00      2434
   nervousness       0.00      0.00      0.00       388
       neutral       0.32      1.00      0.49     27616
      optimism       0.00      0.00      0.00      2246
         pride       0.00      0.00      0.00       325
   realization       0.00      0.00      0.00      2351
        relief       0.00      0.00      0.00       394
       remorse       0.00      0.00      0.00       757
       sadness       0.00      0.00      0.00      1899
      surprise       0.00      0.00      0.00      1799

      accuracy                           0.32     85910
     macro avg       0.01      0.04      0.02     85910
  weighted avg       0.10      0.32      0.16     85910

----------------------------------------------------------

-----Sentiments classification (Multi layer perceptron)-----
Sentiments hyperparameters = 30450
Confusion Matrix = 
[[    0     0  4839  4697]
 [    0     1  9938  9460]
 [    0     1 14039 13576]
 [    0     5 15050 14304]]

Classification Report = 
              precision    recall  f1-score   support

   ambiguous       0.00      0.00      0.00      9536
    negative       0.14      0.00      0.00     19399
     neutral       0.32      0.51      0.39     27616
    positive       0.34      0.49      0.40     29359

    accuracy                           0.33     85910
   macro avg       0.20      0.25      0.20     85910
weighted avg       0.25      0.33      0.26     85910

----------------------------------------------------------

-----Emotions classification (Top Multinomial Naive Bayes with GridSearchCV)-----
Emotions hyperparamenters = 30449
Confusion Matrix = 
[[    0     2     0     2     2     0     0     0     0     0     0     0
      0     0     0     0     0     0     0     0  5298     0     0     1
      0     0     0     0]
 [    3     0     0     0     0     0     0     0     0     0     1     0
      0     0     0     0     0     0     0     0  3036     0     0     0
      0     0     0     0]
 [    1     0     0     2     0     0     0     0     0     0     0     0
      0     0     0     1     0     0     0     0  2642     0     0     0
      0     0     0     0]
 [    1     1     0     0     1     0     0     1     0     0     1     0
      0     0     0     0     0     0     0     0  4144     0     0     0
      0     0     0     0]
 [    1     0     0     1     2     0     1     0     0     0     0     0
      0     0     0     1     0     0     0     0  5584     0     0     1
      0     0     0     0]
 [    0     0     0     0     2     0     0     0     0     0     3     0
      0     0     0     0     0     0     0     0  1746     0     0     0
      0     0     0     0]
 [    0     0     0     1     3     0     0     0     0     0     2     0
      0     0     0     0     0     0     0     0  2426     0     0     0
      0     0     0     0]
 [    1     0     1     0     1     0     0     0     0     0     0     0
      0     0     0     1     0     0     0     0  2950     0     0     0
      0     0     0     0]
 [    0     0     0     0     0     0     0     0     0     0     0     0
      0     0     0     0     0     0     0     0  1059     0     0     1
      0     0     0     0]
 [    0     0     0     1     1     0     0     0     0     1     0     0
      0     0     0     0     0     0     0     0  2344     0     0     0
      0     0     0     0]
 [    1     0     0     0     5     0     0     1     0     0     1     0
      0     0     0     1     0     0     0     0  3915     0     0     0
      0     0     0     0]
 [    1     0     0     2     0     0     0     0     0     1     0     0
      0     0     0     1     0     0     0     0  1469     0     0     0
      0     0     0     0]
 [    0     0     0     0     1     0     0     0     0     0     0     0
      0     0     0     0     0     0     0     0   726     0     0     0
      0     0     0     0]
 [    1     0     0     0     0     0     0     1     0     0     0     0
      0     0     0     0     0     0     0     0  1523     0     0     0
      0     0     0     0]
 [    0     0     0     0     0     0     0     0     0     0     0     0
      0     0     0     1     0     0     0     0   902     0     0     0
      0     0     0     0]
 [    1     1     0     1     5     0     0     1     0     0     1     0
      0     0     0     2     0     0     0     0  3516     0     0     0
      0     0     0     0]
 [    1     0     0     0     1     0     0     0     0     0     0     0
      0     0     0     0     0     0     0     0   183     0     0     0
      0     0     0     0]
 [    1     0     0     0     3     0     1     1     0     0     0     0
      0     0     0     0     0     0     0     0  2154     0     0     0
      0     0     0     0]
 [    0     0     0     0     0     0     0     0     0     0     0     0
      0     0     0     0     0     0     0     0  2433     1     0     0
      0     0     0     0]
 [    0     0     0     0     0     0     0     0     0     0     0     0
      0     0     0     0     0     0     0     0   388     0     0     0
      0     0     0     0]
 [   11     2     1     2    24     0     0     1     0     1     2     0
      0     0     0     4     0     0     1     0 27564     1     0     1
      0     0     1     0]
 [    0     0     0     1     1     0     0     0     0     0     0     0
      0     0     0     1     0     0     0     0  2243     0     0     0
      0     0     0     0]
 [    0     0     0     0     0     0     0     0     0     0     0     0
      0     0     0     0     0     0     0     0   325     0     0     0
      0     0     0     0]
 [    1     0     0     0     1     0     0     0     0     0     0     0
      0     0     0     0     0     0     0     0  2349     0     0     0
      0     0     0     0]
 [    0     0     0     0     0     0     0     0     0     0     0     0
      0     0     0     0     0     0     0     0   394     0     0     0
      0     0     0     0]
 [    0     0     0     0     1     0     0     0     0     0     0     0
      0     0     0     0     0     0     0     0   756     0     0     0
      0     0     0     0]
 [    0     0     0     0     0     0     0     0     0     1     0     0
      0     0     0     0     0     0     0     0  1896     2     0     0
      0     0     0     0]
 [    0     0     0     2     1     0     0     0     0     0     0     0
      0     0     0     0     0     0     0     0  1796     0     0     0
      0     0     0     0]]

Classification Report = 
                precision    recall  f1-score   support

    admiration       0.00      0.00      0.00      5305
     amusement       0.00      0.00      0.00      3040
         anger       0.00      0.00      0.00      2646
     annoyance       0.00      0.00      0.00      4149
      approval       0.04      0.00      0.00      5591
        caring       0.00      0.00      0.00      1751
     confusion       0.00      0.00      0.00      2432
     curiosity       0.00      0.00      0.00      2954
        desire       0.00      0.00      0.00      1060
disappointment       0.25      0.00      0.00      2347
   disapproval       0.09      0.00      0.00      3924
       disgust       0.00      0.00      0.00      1474
 embarrassment       0.00      0.00      0.00       727
    excitement       0.00      0.00      0.00      1525
          fear       0.00      0.00      0.00       903
     gratitude       0.15      0.00      0.00      3528
         grief       0.00      0.00      0.00       185
           joy       0.00      0.00      0.00      2160
          love       0.00      0.00      0.00      2434
   nervousness       0.00      0.00      0.00       388
       neutral       0.32      1.00      0.49     27616
      optimism       0.00      0.00      0.00      2246
         pride       0.00      0.00      0.00       325
   realization       0.00      0.00      0.00      2351
        relief       0.00      0.00      0.00       394
       remorse       0.00      0.00      0.00       757
       sadness       0.00      0.00      0.00      1899
      surprise       0.00      0.00      0.00      1799

      accuracy                           0.32     85910
     macro avg       0.03      0.04      0.02     85910
  weighted avg       0.12      0.32      0.16     85910

----------------------------------------------------------

-----Sentiment classification (Top Multinomial Naive Bayes with GridSearchCV)-----
Sentiment hyperparamenters = 30450
Confusion Matrix = 
[[    4    92  2860  6580]
 [   10   183  5949 13257]
 [   12   270  8465 18869]
 [   11   294  9149 19905]]

Classification Report = 
              precision    recall  f1-score   support

   ambiguous       0.11      0.00      0.00      9536
    negative       0.22      0.01      0.02     19399
     neutral       0.32      0.31      0.31     27616
    positive       0.34      0.68      0.45     29359

    accuracy                           0.33     85910
   macro avg       0.25      0.25      0.20     85910
weighted avg       0.28      0.33      0.26     85910

----------------------------------------------------------

-----Emotions classification (Grid Search Decision Tree)-----
Emotions hyperparameters = 30449
Confusion Matrix = 
[[    0     0     0     0     0     0     0     0     0     0     0     0
      0     0     0     0     0     0     0     0  5305     0     0     0
      0     0     0     0]
 [    0     0     0     0     0     0     0     0     0     0     0     0
      0     0     0     0     0     0     0     0  3040     0     0     0
      0     0     0     0]
 [    0     0     0     0     0     0     0     0     0     0     0     0
      0     0     0     0     0     0     0     0  2646     0     0     0
      0     0     0     0]
 [    0     0     0     0     0     0     0     0     0     0     0     0
      0     0     0     0     0     0     0     0  4149     0     0     0
      0     0     0     0]
 [    0     0     0     0     0     0     0     0     0     0     0     0
      0     0     0     0     0     0     0     0  5591     0     0     0
      0     0     0     0]
 [    0     0     0     0     0     0     0     0     0     0     0     0
      0     0     0     0     0     0     0     0  1751     0     0     0
      0     0     0     0]
 [    0     0     0     0     0     0     0     0     0     0     0     0
      0     0     0     0     0     0     0     0  2432     0     0     0
      0     0     0     0]
 [    0     0     0     0     0     0     0     0     0     0     0     0
      0     0     0     0     0     0     0     0  2954     0     0     0
      0     0     0     0]
 [    0     0     0     0     0     0     0     0     0     0     0     0
      0     0     0     0     0     0     0     0  1060     0     0     0
      0     0     0     0]
 [    0     0     0     0     0     0     0     0     0     0     0     0
      0     0     0     0     0     0     0     0  2347     0     0     0
      0     0     0     0]
 [    0     0     0     0     0     0     0     0     0     0     0     0
      0     0     0     0     0     0     0     0  3924     0     0     0
      0     0     0     0]
 [    0     0     0     0     0     0     0     0     0     0     0     0
      0     0     0     0     0     0     0     0  1474     0     0     0
      0     0     0     0]
 [    0     0     0     0     0     0     0     0     0     0     0     0
      0     0     0     0     0     0     0     0   727     0     0     0
      0     0     0     0]
 [    0     0     0     0     0     0     0     0     0     0     0     0
      0     0     0     0     0     0     0     0  1525     0     0     0
      0     0     0     0]
 [    0     0     0     0     0     0     0     0     0     0     0     0
      0     0     0     0     0     0     0     0   903     0     0     0
      0     0     0     0]
 [    0     0     0     0     0     0     0     0     0     0     0     0
      0     0     0     0     0     0     0     0  3528     0     0     0
      0     0     0     0]
 [    0     0     0     0     0     0     0     0     0     0     0     0
      0     0     0     0     0     0     0     0   185     0     0     0
      0     0     0     0]
 [    0     0     0     0     0     0     0     0     0     0     0     0
      0     0     0     0     0     0     0     0  2160     0     0     0
      0     0     0     0]
 [    0     0     0     0     0     0     0     0     0     0     0     0
      0     0     0     0     0     0     0     0  2434     0     0     0
      0     0     0     0]
 [    0     0     0     0     0     0     0     0     0     0     0     0
      0     0     0     0     0     0     0     0   388     0     0     0
      0     0     0     0]
 [    0     0     0     0     0     0     0     0     0     0     0     0
      0     0     0     0     0     0     0     0 27616     0     0     0
      0     0     0     0]
 [    0     0     0     0     0     0     0     0     0     0     0     0
      0     0     0     0     0     0     0     0  2246     0     0     0
      0     0     0     0]
 [    0     0     0     0     0     0     0     0     0     0     0     0
      0     0     0     0     0     0     0     0   325     0     0     0
      0     0     0     0]
 [    0     0     0     0     0     0     0     0     0     0     0     0
      0     0     0     0     0     0     0     0  2351     0     0     0
      0     0     0     0]
 [    0     0     0     0     0     0     0     0     0     0     0     0
      0     0     0     0     0     0     0     0   394     0     0     0
      0     0     0     0]
 [    0     0     0     0     0     0     0     0     0     0     0     0
      0     0     0     0     0     0     0     0   757     0     0     0
      0     0     0     0]
 [    0     0     0     0     0     0     0     0     0     0     0     0
      0     0     0     0     0     0     0     0  1899     0     0     0
      0     0     0     0]
 [    0     0     0     0     0     0     0     0     0     0     0     0
      0     0     0     0     0     0     0     0  1799     0     0     0
      0     0     0     0]]

Classification Report = 
                precision    recall  f1-score   support

    admiration       0.00      0.00      0.00      5305
     amusement       0.00      0.00      0.00      3040
         anger       0.00      0.00      0.00      2646
     annoyance       0.00      0.00      0.00      4149
      approval       0.00      0.00      0.00      5591
        caring       0.00      0.00      0.00      1751
     confusion       0.00      0.00      0.00      2432
     curiosity       0.00      0.00      0.00      2954
        desire       0.00      0.00      0.00      1060
disappointment       0.00      0.00      0.00      2347
   disapproval       0.00      0.00      0.00      3924
       disgust       0.00      0.00      0.00      1474
 embarrassment       0.00      0.00      0.00       727
    excitement       0.00      0.00      0.00      1525
          fear       0.00      0.00      0.00       903
     gratitude       0.00      0.00      0.00      3528
         grief       0.00      0.00      0.00       185
           joy       0.00      0.00      0.00      2160
          love       0.00      0.00      0.00      2434
   nervousness       0.00      0.00      0.00       388
       neutral       0.32      1.00      0.49     27616
      optimism       0.00      0.00      0.00      2246
         pride       0.00      0.00      0.00       325
   realization       0.00      0.00      0.00      2351
        relief       0.00      0.00      0.00       394
       remorse       0.00      0.00      0.00       757
       sadness       0.00      0.00      0.00      1899
      surprise       0.00      0.00      0.00      1799

      accuracy                           0.32     85910
     macro avg       0.01      0.04      0.02     85910
  weighted avg       0.10      0.32      0.16     85910

----------------------------------------------------------

-----Sentiments classification (Grid Search Decision Tree)-----
Sentiments hyperparameters = 30450
Confusion Matrix = 
[[    0     5    35  9496]
 [    3     5    46 19345]
 [    7     7    82 27520]
 [    9     6    85 29259]]

Classification Report = 
              precision    recall  f1-score   support

   ambiguous       0.00      0.00      0.00      9536
    negative       0.22      0.00      0.00     19399
     neutral       0.33      0.00      0.01     27616
    positive       0.34      1.00      0.51     29359

    accuracy                           0.34     85910
   macro avg       0.22      0.25      0.13     85910
weighted avg       0.27      0.34      0.18     85910

----------------------------------------------------------

-----Emotions classification (Top Multi-Layered Percentron with GridSearchCV)-----
Emotions hyperparamenters = 30449
Confusion Matrix = 
[[    0     0     0     0     0     0     0     0     0     0     0     0
      0     0     0     0     0     0     0     0  5305     0     0     0
      0     0     0     0]
 [    0     0     0     0     0     0     0     0     0     0     0     0
      0     0     0     0     0     0     0     0  3040     0     0     0
      0     0     0     0]
 [    0     0     0     0     0     0     0     0     0     0     0     0
      0     0     0     0     0     0     0     0  2646     0     0     0
      0     0     0     0]
 [    0     0     0     0     0     0     0     0     0     0     0     0
      0     0     0     0     0     0     0     0  4149     0     0     0
      0     0     0     0]
 [    0     0     0     0     0     0     0     0     0     0     0     0
      0     0     0     0     0     0     0     0  5591     0     0     0
      0     0     0     0]
 [    0     0     0     0     0     0     0     0     0     0     0     0
      0     0     0     0     0     0     0     0  1751     0     0     0
      0     0     0     0]
 [    0     0     0     0     0     0     0     0     0     0     0     0
      0     0     0     0     0     0     0     0  2432     0     0     0
      0     0     0     0]
 [    0     0     0     0     0     0     0     0     0     0     0     0
      0     0     0     0     0     0     0     0  2954     0     0     0
      0     0     0     0]
 [    0     0     0     0     0     0     0     0     0     0     0     0
      0     0     0     0     0     0     0     0  1060     0     0     0
      0     0     0     0]
 [    0     0     0     0     0     0     0     0     0     0     0     0
      0     0     0     0     0     0     0     0  2347     0     0     0
      0     0     0     0]
 [    0     0     0     0     0     0     0     0     0     0     0     0
      0     0     0     0     0     0     0     0  3924     0     0     0
      0     0     0     0]
 [    0     0     0     0     0     0     0     0     0     0     0     0
      0     0     0     0     0     0     0     0  1474     0     0     0
      0     0     0     0]
 [    0     0     0     0     0     0     0     0     0     0     0     0
      0     0     0     0     0     0     0     0   727     0     0     0
      0     0     0     0]
 [    0     0     0     0     0     0     0     0     0     0     0     0
      0     0     0     0     0     0     0     0  1525     0     0     0
      0     0     0     0]
 [    0     0     0     0     0     0     0     0     0     0     0     0
      0     0     0     0     0     0     0     0   903     0     0     0
      0     0     0     0]
 [    0     0     0     0     0     0     0     0     0     0     0     0
      0     0     0     0     0     0     0     0  3528     0     0     0
      0     0     0     0]
 [    0     0     0     0     0     0     0     0     0     0     0     0
      0     0     0     0     0     0     0     0   185     0     0     0
      0     0     0     0]
 [    0     0     0     0     0     0     0     0     0     0     0     0
      0     0     0     0     0     0     0     0  2160     0     0     0
      0     0     0     0]
 [    0     0     0     0     0     0     0     0     0     0     0     0
      0     0     0     0     0     0     0     0  2434     0     0     0
      0     0     0     0]
 [    0     0     0     0     0     0     0     0     0     0     0     0
      0     0     0     0     0     0     0     0   388     0     0     0
      0     0     0     0]
 [    0     0     0     0     0     0     0     0     0     0     0     0
      0     0     0     0     0     0     0     0 27616     0     0     0
      0     0     0     0]
 [    0     0     0     0     0     0     0     0     0     0     0     0
      0     0     0     0     0     0     0     0  2246     0     0     0
      0     0     0     0]
 [    0     0     0     0     0     0     0     0     0     0     0     0
      0     0     0     0     0     0     0     0   325     0     0     0
      0     0     0     0]
 [    0     0     0     0     0     0     0     0     0     0     0     0
      0     0     0     0     0     0     0     0  2351     0     0     0
      0     0     0     0]
 [    0     0     0     0     0     0     0     0     0     0     0     0
      0     0     0     0     0     0     0     0   394     0     0     0
      0     0     0     0]
 [    0     0     0     0     0     0     0     0     0     0     0     0
      0     0     0     0     0     0     0     0   757     0     0     0
      0     0     0     0]
 [    0     0     0     0     0     0     0     0     0     0     0     0
      0     0     0     0     0     0     0     0  1899     0     0     0
      0     0     0     0]
 [    0     0     0     0     0     0     0     0     0     0     0     0
      0     0     0     0     0     0     0     0  1799     0     0     0
      0     0     0     0]]

Classification Report = 
                precision    recall  f1-score   support

    admiration       0.00      0.00      0.00      5305
     amusement       0.00      0.00      0.00      3040
         anger       0.00      0.00      0.00      2646
     annoyance       0.00      0.00      0.00      4149
      approval       0.00      0.00      0.00      5591
        caring       0.00      0.00      0.00      1751
     confusion       0.00      0.00      0.00      2432
     curiosity       0.00      0.00      0.00      2954
        desire       0.00      0.00      0.00      1060
disappointment       0.00      0.00      0.00      2347
   disapproval       0.00      0.00      0.00      3924
       disgust       0.00      0.00      0.00      1474
 embarrassment       0.00      0.00      0.00       727
    excitement       0.00      0.00      0.00      1525
          fear       0.00      0.00      0.00       903
     gratitude       0.00      0.00      0.00      3528
         grief       0.00      0.00      0.00       185
           joy       0.00      0.00      0.00      2160
          love       0.00      0.00      0.00      2434
   nervousness       0.00      0.00      0.00       388
       neutral       0.32      1.00      0.49     27616
      optimism       0.00      0.00      0.00      2246
         pride       0.00      0.00      0.00       325
   realization       0.00      0.00      0.00      2351
        relief       0.00      0.00      0.00       394
       remorse       0.00      0.00      0.00       757
       sadness       0.00      0.00      0.00      1899
      surprise       0.00      0.00      0.00      1799

      accuracy                           0.32     85910
     macro avg       0.01      0.04      0.02     85910
  weighted avg       0.10      0.32      0.16     85910

----------------------------------------------------------

-----Sentiment classification (Top Multi-Layered Percentron with GridSearchCV)-----
Sentiment hyperparamenters = 30449
Confusion Matrix = 
[[    0     1  6327  3208]
 [    0     1 12846  6552]
 [    0     1 18381  9234]
 [    0     1 19461  9897]]

Classification Report = 
              precision    recall  f1-score   support

   ambiguous       0.00      0.00      0.00      9536
    negative       0.25      0.00      0.00     19399
     neutral       0.32      0.67      0.43     27616
    positive       0.34      0.34      0.34     29359

    accuracy                           0.33     85910
   macro avg       0.23      0.25      0.19     85910
weighted avg       0.28      0.33      0.26     85910

----------------------------------------------------------

