-----Emotions classification (Multinomial Naive Bayes)-----
Emotions hyperparamenters = 30449
Confusion Matrix = 
[[  32   11    3   20   42    3    3    7    1    6    9    0    1    0
     0    7    0    1    3    0 1911    4    0    7    0    0    4    2]
 [  18    3    3    5   13    1    2    7    0    3   10    3    0    0
     1    3    0    2    1    0 1105    2    0    3    0    0    0    4]
 [  13    3    2   13   25    0    2    1    0    1   11    0    0    3
     0    2    0    3    3    0  940    3    0    2    0    0    2    0]
 [  30    7    2   15   24    2    3    8    1    4   17    1    0    0
     0    4    0    4    6    0 1538    5    0    6    0    0    2    2]
 [  34   12   10   17   44    0    2    4    1    4   19    0    0    0
     0   17    0    4    8    0 2060    5    0    8    0    0    0    3]
 [  12    3    4    5   15    0    1    3    1    1    4    1    0    2
     0    7    0    1    1    0  670    2    0    0    0    0    0    1]
 [  17    2    3    5   20    1    3    6    0    2   12    1    0    0
     0    1    0    2    3    0  880    2    0    1    0    0    0    0]
 [  21    4    5   16   19    2    1    3    0    2   10    1    0    0
     0    5    0    2    2    0 1082    4    0    0    0    0    0    2]
 [   5    2    1    4    8    1    2    2    0    0    3    1    0    0
     0    0    0    2    0    0  411    4    0    1    0    0    1    0]
 [  16    5    1    5   26    4    2    2    0    2    4    0    0    0
     2    5    0    3    3    0  887    1    0    5    0    0    0    1]
 [  19    5    9   14   29    3    5    6    1    1   20    1    0    0
     0   11    0    6    3    0 1476    5    0    4    0    0    2    0]
 [  10    5    0    5   14    0    1    1    1    3    1    0    0    0
     0    5    0    4    2    0  548    2    0    4    0    0    0    0]
 [  11    2    1    2    7    0    0    1    0    0    4    0    0    0
     0    1    0    0    0    0  260    0    0    1    0    0    0    0]
 [  15    1    1    8   18    2    2    3    0    0    2    0    0    0
     0    3    0    0    4    0  538    1    0    0    0    1    0    1]
 [   5    0    1    2    5    0    3    3    0    0    2    1    0    0
     0    1    0    0    0    0  335    3    0    1    0    0    0    0]
 [  21    7    3   10   33    1    5    7    0    5   11    0    0    1
     0   14    0    5    1    0 1303    2    0    5    0    0    0    2]
 [   0    0    0    0    2    0    0    1    0    0    1    0    0    0
     0    0    0    0    0    0   68    0    0    0    0    0    0    0]
 [  19    5    2    9   20    1    3    6    0    4    3    1    0    0
     0    3    0    2    0    0  795    0    0    4    0    0    0    0]
 [  14    4    2    8   15    1    2    5    1    5    6    1    0    0
     0    9    0    1    0    0  961    3    0    4    0    0    2    1]
 [   1    0    1    0    2    0    0    1    0    0    4    0    0    0
     0    0    0    0    0    0  135    1    0    0    0    0    0    0]
 [ 188   58   27  109  210   15   21   38    2   19   81    4    2    6
     3   50    0   20   27    0 9922   27    0   29    0    0   21   12]
 [  12   10    1    8   16    1    0    2    0    1   20    1    0    0
     0    4    0    1    2    0  831    2    0    4    0    0    0    2]
 [   3    1    0    2    4    0    2    0    0    0    2    1    0    0
     0    0    0    0    0    0  141    0    0    1    0    0    0    0]
 [  10    7    1   12    9    1    2    3    0    3    6    1    0    0
     1    7    0    1    1    0  840    4    0    2    0    0    0    2]
 [   4    1    2    0    5    0    1    0    1    0    2    0    0    0
     0    2    0    1    1    0  131    0    0    0    0    0    0    0]
 [   6    1    3    3    3    0    0    2    0    1    4    1    0    0
     0    2    0    1    1    0  299    1    0    0    0    0    1    0]
 [  14    4    2    3   18    1    0    3    0    2    4    1    0    0
     0    4    0    1    4    0  667    2    0    3    0    0    0    1]
 [  11    5    0    7   11    0    1    0    0    1    4    1    0    1
     0    6    0    0    1    0  635    3    0    2    0    0    1    2]]

Classification Report = 
                precision    recall  f1-score   support

    admiration       0.06      0.02      0.02      2077
     amusement       0.02      0.00      0.00      1189
         anger       0.02      0.00      0.00      1029
     annoyance       0.05      0.01      0.02      1681
      approval       0.07      0.02      0.03      2252
        caring       0.00      0.00      0.00       734
     confusion       0.04      0.00      0.01       961
     curiosity       0.02      0.00      0.00      1181
        desire       0.00      0.00      0.00       448
disappointment       0.03      0.00      0.00       974
   disapproval       0.07      0.01      0.02      1620
       disgust       0.00      0.00      0.00       606
 embarrassment       0.00      0.00      0.00       290
    excitement       0.00      0.00      0.00       600
          fear       0.00      0.00      0.00       362
     gratitude       0.08      0.01      0.02      1436
         grief       0.00      0.00      0.00        72
           joy       0.03      0.00      0.00       877
          love       0.00      0.00      0.00      1045
   nervousness       0.00      0.00      0.00       145
       neutral       0.32      0.91      0.47     10891
      optimism       0.02      0.00      0.00       918
         pride       0.00      0.00      0.00       157
   realization       0.02      0.00      0.00       913
        relief       0.00      0.00      0.00       151
       remorse       0.00      0.00      0.00       329
       sadness       0.00      0.00      0.00       734
      surprise       0.05      0.00      0.01       692

      accuracy                           0.29     34364
     macro avg       0.03      0.04      0.02     34364
  weighted avg       0.12      0.29      0.16     34364

----------------------------------------------------------

-----Semtiments classification (Multinomial Naive Bayes)-----
Semtiments hyperparamenters = 30449
Confusion Matrix = 
[[   0   57    0    0    0    0    0    0    0    0    0    0    0    0
     0    0    0    0    0    0  210    0  749    0 1061    0    0    0
     0    0    0]
 [   0    0    0    0    0    0    0    0    0    0    0    0    0    0
     0    0    0    0    0    0    0    0    0    0    0    0    0    0
     0    0    0]
 [   0   38    0    0    0    0    0    0    0    0    0    0    0    0
     0    0    0    0    0    0  117    0  434    0  600    0    0    0
     0    0    0]
 [   0   25    0    0    0    0    0    0    0    0    0    0    0    0
     0    0    0    0    0    0  106    0  402    0  496    0    0    0
     0    0    0]
 [   0   52    0    0    0    0    0    0    0    0    0    0    0    0
     0    0    0    0    0    0  191    0  628    0  810    0    0    0
     0    0    0]
 [   0   44    0    0    0    0    0    0    0    0    0    0    0    0
     0    0    0    0    0    0  235    0  817    0 1156    0    0    0
     0    0    0]
 [   0   20    0    0    0    0    0    0    0    0    0    0    0    0
     0    0    0    0    0    0   73    0  264    0  377    0    0    0
     0    0    0]
 [   0   32    0    0    0    0    0    0    0    0    0    0    0    0
     0    0    0    0    0    0  109    0  332    0  488    0    0    0
     0    0    0]
 [   0   31    0    0    0    0    0    0    0    0    0    0    0    0
     0    0    0    0    0    0  126    0  433    0  591    0    0    0
     0    0    0]
 [   0    9    0    0    0    0    0    0    0    0    0    0    0    0
     0    0    0    0    0    0   38    0  177    0  224    0    0    0
     0    0    0]
 [   0   25    0    0    0    0    0    0    0    0    0    0    0    0
     0    0    0    0    0    0   93    0  356    0  500    0    0    0
     0    0    0]
 [   0   40    0    0    0    0    0    0    0    0    0    0    0    0
     0    0    0    0    0    0  185    0  586    0  809    0    0    0
     0    0    0]
 [   0   19    0    0    0    0    0    0    0    0    0    0    0    0
     0    0    0    0    0    0   67    0  229    0  291    0    0    0
     0    0    0]
 [   0    8    0    0    0    0    0    0    0    0    0    0    0    0
     0    0    0    0    0    0   30    0  104    0  148    0    0    0
     0    0    0]
 [   0   25    0    0    0    0    0    0    0    0    0    0    0    0
     0    0    0    0    0    0   48    0  207    0  320    0    0    0
     0    0    0]
 [   0   10    0    0    0    0    0    0    0    0    0    0    0    0
     0    0    0    0    0    0   28    0  154    0  170    0    0    0
     0    0    0]
 [   0   44    0    0    0    0    0    0    0    0    0    0    0    0
     0    0    0    0    0    0  147    0  525    0  720    0    0    0
     0    0    0]
 [   0    2    0    0    0    0    0    0    0    0    0    0    0    0
     0    0    0    0    0    0   12    0   27    0   31    0    0    0
     0    0    0]
 [   0   25    0    0    0    0    0    0    0    0    0    0    0    0
     0    0    0    0    0    0   89    0  311    0  452    0    0    0
     0    0    0]
 [   0   26    0    0    0    0    0    0    0    0    0    0    0    0
     0    0    0    0    0    0   97    0  380    0  542    0    0    0
     0    0    0]
 [   0    0    0    0    0    0    0    0    0    0    0    0    0    0
     0    0    0    0    0    0    0    0    0    0    0    0    0    0
     0    0    0]
 [   0    2    0    0    0    0    0    0    0    0    0    0    0    0
     0    0    0    0    0    0   11    0   57    0   75    0    0    0
     0    0    0]
 [   0  313    0    0    0    0    0    0    0    0    0    0    0    0
     0    0    0    0    0    0 1139    0 4032    0 5407    0    0    0
     0    0    0]
 [   0   23    0    0    0    0    0    0    0    0    0    0    0    0
     0    0    0    0    0    0  107    0  322    0  466    0    0    0
     0    0    0]
 [   0    0    0    0    0    0    0    0    0    0    0    0    0    0
     0    0    0    0    0    0    0    0    0    0    0    0    0    0
     0    0    0]
 [   0    4    0    0    0    0    0    0    0    0    0    0    0    0
     0    0    0    0    0    0   14    0   56    0   83    0    0    0
     0    0    0]
 [   0   23    0    0    0    0    0    0    0    0    0    0    0    0
     0    0    0    0    0    0   97    0  313    0  480    0    0    0
     0    0    0]
 [   0   10    0    0    0    0    0    0    0    0    0    0    0    0
     0    0    0    0    0    0   15    0   53    0   73    0    0    0
     0    0    0]
 [   0    6    0    0    0    0    0    0    0    0    0    0    0    0
     0    0    0    0    0    0   37    0  110    0  176    0    0    0
     0    0    0]
 [   0   23    0    0    0    0    0    0    0    0    0    0    0    0
     0    0    0    0    0    0   63    0  269    0  379    0    0    0
     0    0    0]
 [   0    9    0    0    0    0    0    0    0    0    0    0    0    0
     0    0    0    0    0    0   77    0  228    0  378    0    0    0
     0    0    0]]

Classification Report = 
                precision    recall  f1-score   support

    admiration       0.00      0.00      0.00      2077
     ambiguous       0.00      0.00      0.00         0
     amusement       0.00      0.00      0.00      1189
         anger       0.00      0.00      0.00      1029
     annoyance       0.00      0.00      0.00      1681
      approval       0.00      0.00      0.00      2252
        caring       0.00      0.00      0.00       734
     confusion       0.00      0.00      0.00       961
     curiosity       0.00      0.00      0.00      1181
        desire       0.00      0.00      0.00       448
disappointment       0.00      0.00      0.00       974
   disapproval       0.00      0.00      0.00      1620
       disgust       0.00      0.00      0.00       606
 embarrassment       0.00      0.00      0.00       290
    excitement       0.00      0.00      0.00       600
          fear       0.00      0.00      0.00       362
     gratitude       0.00      0.00      0.00      1436
         grief       0.00      0.00      0.00        72
           joy       0.00      0.00      0.00       877
          love       0.00      0.00      0.00      1045
      negative       0.00      0.00      0.00         0
   nervousness       0.00      0.00      0.00       145
       neutral       0.32      0.37      0.34     10891
      optimism       0.00      0.00      0.00       918
      positive       0.00      0.00      0.00         0
         pride       0.00      0.00      0.00       157
   realization       0.00      0.00      0.00       913
        relief       0.00      0.00      0.00       151
       remorse       0.00      0.00      0.00       329
       sadness       0.00      0.00      0.00       734
      surprise       0.00      0.00      0.00       692

      accuracy                           0.12     34364
     macro avg       0.01      0.01      0.01     34364
  weighted avg       0.10      0.12      0.11     34364

----------------------------------------------------------

-----Emotions classification (Decision Tree)-----
Emotions hyperparamenters = 30449
Confusion Matrix = 
[[ 243  133  103  146  192   54   70   63   27   58   94   42   21   32
    22   42    2   38   45    3  558   18    2   20    6    5   23   15]
 [ 133   65   49   88   81   36   47   40   23   32   57   17   12   20
     5   39    2   27   26    2  335   16    2   15    1    8    5    6]
 [ 123   64   46   77  100   17   31   37   10   28   51   17   10   21
    11   37    3   20   16    2  280    4    2    8    1    2    6    5]
 [ 187  101   80  137  145   35   50   50   25   47   79   24    7   17
    12   70    5   22   38    5  488   15    1   17    0    6    9    9]
 [ 256  131  135  148  191   58   76   81   27   65   99   29   17   31
    19   90    5   48   58    4  591   20    5   22    3    9   20   14]
 [  79   43   32   57   70   10   26   20   11   23   36   15    5   22
     5   33    1   16   14    0  185    4    1    9    2    1    9    5]
 [  88   60   57   66   86   23   37   46    8   35   39   16    6   12
    10   29    1   21   14    2  270    9    1    5    0    6    6    8]
 [ 131   65   51   71  103   31   37   55   24   33   55   19   11   16
    10   39    0   16   27    5  330   12    3   16    4    5    5    7]
 [  56   27   12   39   37   13   16   19    5   13   17    3    3    6
     3   16    2    6    6    1  131    9    0    4    0    0    4    0]
 [ 112   65   46   62   92   24   35   43    9   27   40    7   11   11
     9   34    1   18   23    5  271    3    0   12    1    2    2    9]
 [ 173  111   86  119  133   35   68   68   20   41   89   26   10   29
    17   48    2   43   27    5  415   18    3   14    3    2    5   10]
 [  68   34   32   38   58   14   17   25    9   19   25   14    2    8
     4   24    0   16   10    3  153    8    2   10    0    3    6    4]
 [  39   15   12   28   33   10    9   13    3   10   10    3    0    5
     4    5    0    4    5    2   72    4    0    0    1    0    3    0]
 [  73   29   31   39   73   14   22   23    4   11   24    6    2    7
     2   29    1   13   14    3  155    3    1    4    2    3    6    6]
 [  43   21   19   19   33    8   13   16    0   13   12    6    1    9
     5   11    2   10   11    0   98    4    0    5    1    0    0    2]
 [ 156   82   72  108  129   32   48   58   14   50   54   20   12   26
     8   55    2   36   22    7  399   16    1   10    2    1   11    5]
 [   4    3    4    4    8    2    2    7    1    2    0    3    1    1
     1    4    0    3    3    0   17    0    0    0    0    0    1    1]
 [  99   48   39   66   85   23   29   24    9   28   29   19    4   12
     9   32    0   13   22    2  251    7    2    7    1    2    8    7]
 [ 112   59   52   74   95   24   34   49   11   31   42   15    6    6
    11   36    2   12   25    0  301   17    0    8    1    3   10    9]
 [  14   11    6    5   13    1    3    7    1    8    9    4    1    1
     1    5    0    3    3    0   43    3    0    0    1    0    1    1]
 [1228  635  535  788 1000  275  386  378  133  293  473  163   74  187
    87  339   13  210  204   32 3037  104   19  120   15   26   69   68]
 [  94   59   45   66   80   19   36   33   13   32   46   17    7   12
     8   29    2   13   15    1  254    4    2   10    3    4    8    6]
 [  20   10    8   10   14    3    4    9    3    4    5    2    1    2
     1    4    0    2    0    1   46    1    0    4    1    1    0    1]
 [  85   58   50   72   81   14   26   26   11   24   52   14    3   14
    12   27    0   23   16    4  267    8    1   12    1    1    5    6]
 [  18   10   10   11   14    5    3    8    3    3    9    3    0    3
     1    1    0    5    8    0   31    1    0    2    0    1    0    1]
 [  41   25   15   18   28   10   17   11    2    6   18    5    1    6
     0   11    0    5    9    2   82    5    0    4    2    0    3    3]
 [  98   37   33   46   64   22   27   22   10   18   36    8    5   14
     8   18    0   12   18    3  208    7    1   12    1    1    3    2]
 [  71   47   26   65   49   19   24   26    8   19   27   13    4   15
     3   17    2   20   13    1  194   10    1    5    2    5    3    3]]

Classification Report = 
                precision    recall  f1-score   support

    admiration       0.06      0.12      0.08      2077
     amusement       0.03      0.05      0.04      1189
         anger       0.03      0.04      0.03      1029
     annoyance       0.06      0.08      0.07      1681
      approval       0.06      0.08      0.07      2252
        caring       0.01      0.01      0.01       734
     confusion       0.03      0.04      0.03       961
     curiosity       0.04      0.05      0.05      1181
        desire       0.01      0.01      0.01       448
disappointment       0.03      0.03      0.03       974
   disapproval       0.06      0.05      0.06      1620
       disgust       0.03      0.02      0.02       606
 embarrassment       0.00      0.00      0.00       290
    excitement       0.01      0.01      0.01       600
          fear       0.02      0.01      0.02       362
     gratitude       0.05      0.04      0.04      1436
         grief       0.00      0.00      0.00        72
           joy       0.02      0.01      0.02       877
          love       0.04      0.02      0.03      1045
   nervousness       0.00      0.00      0.00       145
       neutral       0.32      0.28      0.30     10891
      optimism       0.01      0.00      0.01       918
         pride       0.00      0.00      0.00       157
   realization       0.03      0.01      0.02       913
        relief       0.00      0.00      0.00       151
       remorse       0.00      0.00      0.00       329
       sadness       0.01      0.00      0.01       734
      surprise       0.01      0.00      0.01       692

      accuracy                           0.12     34364
     macro avg       0.03      0.04      0.03     34364
  weighted avg       0.13      0.12      0.12     34364

----------------------------------------------------------

-----Semtiments classification (Multinomial Naive Bayes)-----
Semtiments hyperparamenters = 30449
Confusion Matrix = 
[[   0  342    0    0    0    0    0    0    0    0    0    0    0    0
     0    0    0    0    0    0  631    0  639    0  465    0    0    0
     0    0    0]
 [   0    0    0    0    0    0    0    0    0    0    0    0    0    0
     0    0    0    0    0    0    0    0    0    0    0    0    0    0
     0    0    0]
 [   0  213    0    0    0    0    0    0    0    0    0    0    0    0
     0    0    0    0    0    0  337    0  375    0  264    0    0    0
     0    0    0]
 [   0  165    0    0    0    0    0    0    0    0    0    0    0    0
     0    0    0    0    0    0  307    0  314    0  243    0    0    0
     0    0    0]
 [   0  245    0    0    0    0    0    0    0    0    0    0    0    0
     0    0    0    0    0    0  488    0  566    0  382    0    0    0
     0    0    0]
 [   0  390    0    0    0    0    0    0    0    0    0    0    0    0
     0    0    0    0    0    0  658    0  690    0  514    0    0    0
     0    0    0]
 [   0  134    0    0    0    0    0    0    0    0    0    0    0    0
     0    0    0    0    0    0  211    0  213    0  176    0    0    0
     0    0    0]
 [   0  170    0    0    0    0    0    0    0    0    0    0    0    0
     0    0    0    0    0    0  277    0  301    0  213    0    0    0
     0    0    0]
 [   0  202    0    0    0    0    0    0    0    0    0    0    0    0
     0    0    0    0    0    0  315    0  380    0  284    0    0    0
     0    0    0]
 [   0   74    0    0    0    0    0    0    0    0    0    0    0    0
     0    0    0    0    0    0  125    0  146    0  103    0    0    0
     0    0    0]
 [   0  188    0    0    0    0    0    0    0    0    0    0    0    0
     0    0    0    0    0    0  252    0  300    0  234    0    0    0
     0    0    0]
 [   0  280    0    0    0    0    0    0    0    0    0    0    0    0
     0    0    0    0    0    0  475    0  503    0  362    0    0    0
     0    0    0]
 [   0  106    0    0    0    0    0    0    0    0    0    0    0    0
     0    0    0    0    0    0  166    0  174    0  160    0    0    0
     0    0    0]
 [   0   38    0    0    0    0    0    0    0    0    0    0    0    0
     0    0    0    0    0    0   98    0   78    0   76    0    0    0
     0    0    0]
 [   0  100    0    0    0    0    0    0    0    0    0    0    0    0
     0    0    0    0    0    0  154    0  187    0  159    0    0    0
     0    0    0]
 [   0   66    0    0    0    0    0    0    0    0    0    0    0    0
     0    0    0    0    0    0   97    0  109    0   90    0    0    0
     0    0    0]
 [   0  237    0    0    0    0    0    0    0    0    0    0    0    0
     0    0    0    0    0    0  428    0  467    0  304    0    0    0
     0    0    0]
 [   0   15    0    0    0    0    0    0    0    0    0    0    0    0
     0    0    0    0    0    0   18    0   22    0   17    0    0    0
     0    0    0]
 [   0  152    0    0    0    0    0    0    0    0    0    0    0    0
     0    0    0    0    0    0  235    0  278    0  212    0    0    0
     0    0    0]
 [   0  181    0    0    0    0    0    0    0    0    0    0    0    0
     0    0    0    0    0    0  300    0  334    0  230    0    0    0
     0    0    0]
 [   0    0    0    0    0    0    0    0    0    0    0    0    0    0
     0    0    0    0    0    0    0    0    0    0    0    0    0    0
     0    0    0]
 [   0   24    0    0    0    0    0    0    0    0    0    0    0    0
     0    0    0    0    0    0   38    0   45    0   38    0    0    0
     0    0    0]
 [   0 1816    0    0    0    0    0    0    0    0    0    0    0    0
     0    0    0    0    0    0 3054    0 3455    0 2566    0    0    0
     0    0    0]
 [   0  156    0    0    0    0    0    0    0    0    0    0    0    0
     0    0    0    0    0    0  261    0  286    0  215    0    0    0
     0    0    0]
 [   0    0    0    0    0    0    0    0    0    0    0    0    0    0
     0    0    0    0    0    0    0    0    0    0    0    0    0    0
     0    0    0]
 [   0   25    0    0    0    0    0    0    0    0    0    0    0    0
     0    0    0    0    0    0   41    0   49    0   42    0    0    0
     0    0    0]
 [   0  133    0    0    0    0    0    0    0    0    0    0    0    0
     0    0    0    0    0    0  286    0  291    0  203    0    0    0
     0    0    0]
 [   0   35    0    0    0    0    0    0    0    0    0    0    0    0
     0    0    0    0    0    0   35    0   33    0   48    0    0    0
     0    0    0]
 [   0   65    0    0    0    0    0    0    0    0    0    0    0    0
     0    0    0    0    0    0   95    0   89    0   80    0    0    0
     0    0    0]
 [   0  125    0    0    0    0    0    0    0    0    0    0    0    0
     0    0    0    0    0    0  199    0  223    0  187    0    0    0
     0    0    0]
 [   0  102    0    0    0    0    0    0    0    0    0    0    0    0
     0    0    0    0    0    0  203    0  219    0  168    0    0    0
     0    0    0]]

Classification Report = 
                precision    recall  f1-score   support

    admiration       0.00      0.00      0.00      2077
     ambiguous       0.00      0.00      0.00         0
     amusement       0.00      0.00      0.00      1189
         anger       0.00      0.00      0.00      1029
     annoyance       0.00      0.00      0.00      1681
      approval       0.00      0.00      0.00      2252
        caring       0.00      0.00      0.00       734
     confusion       0.00      0.00      0.00       961
     curiosity       0.00      0.00      0.00      1181
        desire       0.00      0.00      0.00       448
disappointment       0.00      0.00      0.00       974
   disapproval       0.00      0.00      0.00      1620
       disgust       0.00      0.00      0.00       606
 embarrassment       0.00      0.00      0.00       290
    excitement       0.00      0.00      0.00       600
          fear       0.00      0.00      0.00       362
     gratitude       0.00      0.00      0.00      1436
         grief       0.00      0.00      0.00        72
           joy       0.00      0.00      0.00       877
          love       0.00      0.00      0.00      1045
      negative       0.00      0.00      0.00         0
   nervousness       0.00      0.00      0.00       145
       neutral       0.32      0.32      0.32     10891
      optimism       0.00      0.00      0.00       918
      positive       0.00      0.00      0.00         0
         pride       0.00      0.00      0.00       157
   realization       0.00      0.00      0.00       913
        relief       0.00      0.00      0.00       151
       remorse       0.00      0.00      0.00       329
       sadness       0.00      0.00      0.00       734
      surprise       0.00      0.00      0.00       692

      accuracy                           0.10     34364
     macro avg       0.01      0.01      0.01     34364
  weighted avg       0.10      0.10      0.10     34364

----------------------------------------------------------

